[1] 115724      9
[1] TRUE
[1] 115724      7
start par. =  1 1 1 fn =  383226.5 
At return
eval:  50 fn:      342106.96 par: 1.35763e-07 0.512414 0.443879
(NM) 20: f = 342107 at 1.35763e-07    0.512414    0.443879    0.247315   0.0134163 -0.00368579 -0.00797576   -0.121759   0.0824949    0.713302     1.18155   -0.577282    -1.08761   0.0442212   -0.251728   -0.472829   -0.741446    0.390512
(NM) 40: f = 342105 at 3.66876e-05    0.512147    0.443862    0.234651   0.0155203 -0.00158308 -0.00587758   -0.121074   0.0831701    0.717837     1.17443   -0.572824    -1.09296   0.0448603   -0.251215   -0.469612   -0.728181    0.406983
(NM) 60: f = 342105 at 3.99054e-05    0.510437    0.443483    0.238877   0.0125966 -0.00328579  -0.0081529   -0.121307   0.0830756      0.7089     1.16808    -0.57999    -1.08738   0.0451458   -0.251055   -0.467785   -0.719193    0.419765
(NM) 80: f = 342105 at 3.99054e-05    0.510437    0.443483    0.238877   0.0125966 -0.00328579  -0.0081529   -0.121307   0.0830756      0.7089     1.16808    -0.57999    -1.08738   0.0451458   -0.251055   -0.467785   -0.719193    0.419765
(NM) 100: f = 342105 at 2.43238e-05    0.512286    0.442976      0.2343   0.0156977 -0.00306724 -0.00711035   -0.121021   0.0836471    0.708067     1.17809   -0.584202    -1.08836   0.0443509   -0.251843   -0.467569   -0.717098    0.436894
(NM) 120: f = 342105 at 2.43238e-05    0.512286    0.442976      0.2343   0.0156977 -0.00306724 -0.00711035   -0.121021   0.0836471    0.708067     1.17809   -0.584202    -1.08836   0.0443509   -0.251843   -0.467569   -0.717098    0.436894
(NM) 140: f = 342105 at 2.16953e-05     0.51279    0.443228    0.232802    0.015796 -0.00143161 -0.00933675   -0.120789   0.0839116    0.709255     1.17921   -0.584421    -1.08782   0.0448299   -0.251475   -0.468517    -0.71666    0.428451
(NM) 160: f = 342105 at 3.57883e-05    0.512435    0.443647    0.234268   0.0155171 -0.00225238 -0.00665463   -0.120968   0.0834733    0.710879     1.17652   -0.581074    -1.09135   0.0448995   -0.251469   -0.468601   -0.720756     0.42546
(NM) 180: f = 342105 at 2.14662e-05    0.512243    0.443741    0.230134   0.0151651  -0.0033738 -0.00696021   -0.120532   0.0836754    0.712331     1.18006   -0.583661    -1.08793   0.0448307   -0.251683   -0.468001    -0.71988    0.431441
(NM) 200: f = 342105 at 2.27124e-05     0.51204    0.443821    0.229966   0.0150046 -0.00107074 -0.00612266   -0.120626   0.0835509    0.709635     1.18136   -0.582159    -1.08952    0.044733   -0.251774   -0.468657    -0.72298    0.430999
(NM) 220: f = 342105 at 2.40043e-05    0.512438     0.44412    0.229425   0.0148824 -0.00143331 -0.00551132   -0.120761   0.0834465     0.71432     1.18288   -0.581332    -1.09121   0.0442846   -0.251727   -0.467431   -0.720971    0.428168
(NM) 240: f = 342105 at  1.4295e-05    0.511682    0.443934    0.227636   0.0139148 -0.00234351 -0.00539241   -0.120706   0.0835808    0.715841     1.18289   -0.579654    -1.08842    0.044281   -0.251656   -0.469758   -0.721636    0.425938
(NM) 260: f = 342105 at  2.1318e-05    0.512091    0.443986    0.226427   0.0149088 -0.00262064 -0.00587394   -0.120534   0.0839293    0.715843     1.18369   -0.580024    -1.09066   0.0446761   -0.251753   -0.467763   -0.726463     0.42603
(NM) 280: f = 342105 at  2.1318e-05    0.512091    0.443986    0.226427   0.0149088 -0.00262064 -0.00587394   -0.120534   0.0839293    0.715843     1.18369   -0.580024    -1.09066   0.0446761   -0.251753   -0.467763   -0.726463     0.42603
(NM) 300: f = 342105 at  2.1318e-05    0.512091    0.443986    0.226427   0.0149088 -0.00262064 -0.00587394   -0.120534   0.0839293    0.715843     1.18369   -0.580024    -1.09066   0.0446761   -0.251753   -0.467763   -0.726463     0.42603
(NM) 320: f = 342105 at 1.82236e-05    0.512355     0.44405    0.225062   0.0147359 -0.00166417  -0.0054155   -0.120638   0.0838659    0.715308     1.18442   -0.579647    -1.08981    0.044541   -0.251766   -0.468417   -0.725078     0.42885
(NM) 340: f = 342105 at 1.54817e-05    0.511999    0.443893    0.225347   0.0142972 -0.00235515 -0.00580215   -0.120636   0.0838878    0.716431     1.18393    -0.57934    -1.08888   0.0444137   -0.251743   -0.468078    -0.72506    0.428016
(NM) 360: f = 342105 at 1.61939e-05    0.512138     0.44385    0.225281   0.0146679 -0.00208029 -0.00557264   -0.120688    0.083909    0.715843     1.18449    -0.57946    -1.08953   0.0444086   -0.251763   -0.468055   -0.724848    0.427572
(NM) 380: f = 342105 at 1.84407e-05    0.512155    0.443969    0.225843   0.0147053 -0.00203415 -0.00577719   -0.120672     0.08378    0.715653     1.18396   -0.579337    -1.08982   0.0446273   -0.251731   -0.468858   -0.725082    0.427255
(NM) 400: f = 342105 at 1.76548e-05    0.512286    0.443893    0.226081   0.0148801 -0.00184879 -0.00546655   -0.120705   0.0837724    0.715139      1.1844   -0.579511    -1.09002   0.0445884   -0.251753   -0.468877   -0.725455    0.427567
(NM) 420: f = 342105 at 1.45146e-05    0.512355    0.443889     0.22487   0.0148781 -0.00135965 -0.00526081   -0.120778   0.0837309    0.715284     1.18525   -0.578092    -1.08966   0.0446629   -0.251803   -0.470738   -0.726101    0.425282
(NM) 440: f = 342105 at 1.45146e-05    0.512355    0.443889     0.22487   0.0148781 -0.00135965 -0.00526081   -0.120778   0.0837309    0.715284     1.18525   -0.578092    -1.08966   0.0446629   -0.251803   -0.470738   -0.726101    0.425282
(NM) 460: f = 342105 at 1.45146e-05    0.512355    0.443889     0.22487   0.0148781 -0.00135965 -0.00526081   -0.120778   0.0837309    0.715284     1.18525   -0.578092    -1.08966   0.0446629   -0.251803   -0.470738   -0.726101    0.425282
(NM) 480: f = 342105 at  1.64551e-05      0.51252     0.444004      0.22531    0.0148927 -0.000863004  -0.00527886    -0.120867    0.0835256     0.714195      1.18431    -0.577861     -1.08946    0.0448595    -0.251705     -0.47211    -0.725038     0.423286
(NM) 500: f = 342105 at 1.40418e-05    0.512236    0.443846    0.225315   0.0147559 -0.00101208 -0.00535254   -0.120857   0.0835664    0.714316     1.18453   -0.577705    -1.08909   0.0447385   -0.251687   -0.471976   -0.725761    0.423643
(NM) 520: f = 342105 at 1.62461e-05    0.512286    0.443888    0.225268   0.0149566 -0.00115543 -0.00526671   -0.120844   0.0836244    0.714473      1.1846   -0.577728    -1.08982   0.0447902    -0.25171   -0.471656   -0.726271    0.422886
(NM) 540: f = 342105 at 1.35069e-05    0.512216     0.44365    0.225766   0.0149013 -0.00137806 -0.00550426   -0.120997   0.0834992    0.713584     1.18349   -0.577201    -1.08836   0.0448419   -0.251611   -0.473356    -0.72578    0.420504
(NM) 560: f = 342105 at 1.49831e-05    0.512347    0.443673    0.225816    0.015105 -0.00151129 -0.00554346   -0.120994   0.0835293    0.714227     1.18358   -0.577188    -1.08897   0.0448179   -0.251695   -0.473199   -0.726325    0.419577
(NM) 580: f = 342105 at 1.35808e-05    0.512419    0.443659    0.225152   0.0150864 -0.00136713 -0.00531653   -0.121008    0.083578    0.713997       1.184   -0.577311    -1.08863   0.0447064   -0.251656   -0.472601    -0.72645    0.420189
(NM) 600: f = 342105 at 1.37522e-05    0.512351    0.443585    0.226049   0.0150222 -0.00155453 -0.00569845   -0.121075   0.0834067    0.713367     1.18265   -0.577118    -1.08784   0.0447789    -0.25156    -0.47383   -0.725392    0.418205
(NM) 620: f = 342105 at 1.39193e-05    0.512297    0.443563    0.226006   0.0150644 -0.00150859 -0.00563109   -0.121135   0.0833846    0.713527      1.1827   -0.576885    -1.08802   0.0447518   -0.251547    -0.47351   -0.725923    0.416243
(NM) 640: f = 342105 at 1.19641e-05    0.512357    0.443561    0.225397   0.0150995 -0.00156946 -0.00552389   -0.121119   0.0834189    0.713919     1.18312   -0.577044    -1.08761   0.0447526    -0.25156    -0.47325   -0.725757    0.415442
(NM) 660: f = 342105 at 1.19749e-05    0.512375    0.443551    0.225501    0.015137 -0.00142459 -0.00559004   -0.121198   0.0832663    0.713621     1.18247   -0.576974    -1.08712    0.044796   -0.251513   -0.473489   -0.725721    0.413131
(NM) 680: f = 342105 at 1.17616e-05    0.512317    0.443558    0.224871   0.0155618 -0.00169411 -0.00551063   -0.121217   0.0832815    0.714643     1.18292   -0.576898    -1.08748   0.0447402   -0.251583   -0.472328   -0.726552     0.40747
(NM) 700: f = 342105 at 1.24561e-05    0.512424    0.443658    0.224911   0.0154096 -0.00120657 -0.00535484   -0.121274   0.0831817    0.714498     1.18307   -0.576659    -1.08773   0.0446953   -0.251546   -0.471837   -0.725761    0.405148
(NM) 720: f = 342105 at 1.11273e-05    0.512353    0.443527    0.224986   0.0154785 -0.00131043 -0.00550078   -0.121385   0.0830678    0.713991     1.18221   -0.576315    -1.08678   0.0447336   -0.251461   -0.472856   -0.726562     0.40277
(NM) 740: f = 342105 at 1.25094e-05    0.512388    0.443598    0.225282   0.0152669 -0.00111568 -0.00551584   -0.121369   0.0830751    0.713849     1.18216   -0.576479     -1.0871   0.0447133    -0.25145   -0.472305    -0.72694    0.404093
(NM) 760: f = 342105 at 1.26713e-05    0.512434    0.443676    0.225264   0.0155159 -0.00098154 -0.00539187   -0.121431   0.0829607    0.713982     1.18234   -0.576632    -1.08725   0.0446692   -0.251477   -0.471931   -0.725421    0.402303
(NM) 780: f = 342105 at 1.38045e-05    0.512334    0.443655    0.225999    0.015233 -0.00120313  -0.0056187   -0.121364   0.0830266    0.713678     1.18203   -0.576828    -1.08743   0.0446066   -0.251487   -0.471636   -0.725896    0.405063
(NM) 800: f = 342105 at 1.26375e-05    0.512263    0.443601    0.226026   0.0150374 -0.00121639 -0.00572362   -0.121371   0.0830008    0.713187     1.18194   -0.576359    -1.08702   0.0445584   -0.251431   -0.472026   -0.727449    0.403528
(NM) 820: f = 342105 at 1.26375e-05    0.512263    0.443601    0.226026   0.0150374 -0.00121639 -0.00572362   -0.121371   0.0830008    0.713187     1.18194   -0.576359    -1.08702   0.0445584   -0.251431   -0.472026   -0.727449    0.403528
(NM) 840: f = 342105 at 1.19411e-05    0.512311    0.443613    0.225514   0.0153945 -0.00116845 -0.00567097   -0.121353   0.0830277    0.713455     1.18303   -0.576399    -1.08754    0.044435   -0.251533   -0.471757   -0.728191    0.405034
(NM) 860: f = 342105 at 1.24275e-05    0.512326    0.443666    0.225287   0.0155326 -0.00113485 -0.00569592   -0.121372   0.0830185    0.713805     1.18324   -0.576567    -1.08777    0.044392   -0.251563   -0.470872   -0.729007    0.403562
(NM) 880: f = 342105 at 1.24271e-05    0.512308    0.443662    0.225278   0.0155432 -0.00134999 -0.00592474   -0.121247   0.0831116    0.713487     1.18364   -0.576171    -1.08809   0.0443825     -0.2516   -0.471456   -0.730658    0.403592
(NM) 900: f = 342105 at 1.35166e-05    0.512303    0.443638    0.225646    0.015622 -0.00146127 -0.00622254   -0.121274   0.0830587    0.713003     1.18349     -0.5761     -1.0883    0.044259   -0.251575   -0.470605   -0.734193    0.400735
(NM) 920: f = 342105 at 1.36701e-05    0.512257    0.443558    0.225829   0.0153645 -0.00152987  -0.0062648   -0.121266   0.0831275    0.712666     1.18274   -0.576016    -1.08787   0.0443702   -0.251505   -0.471339   -0.734055    0.401691
(NM) 940: f = 342105 at 1.36701e-05    0.512257    0.443558    0.225829   0.0153645 -0.00152987  -0.0062648   -0.121266   0.0831275    0.712666     1.18274   -0.576016    -1.08787   0.0443702   -0.251505   -0.471339   -0.734055    0.401691
(NM) 960: f = 342105 at 1.41288e-05     0.51233    0.443643    0.225823   0.0154829 -0.00143277 -0.00633973   -0.121301   0.0830197    0.712693     1.18283   -0.575864    -1.08801    0.044305   -0.251511   -0.470777   -0.734616    0.397599
(NM) 980: f = 342105 at 1.32293e-05    0.512235    0.443581    0.225827   0.0153458  -0.0016272 -0.00627636   -0.121268   0.0830811    0.713016      1.1825   -0.576205    -1.08755   0.0444147   -0.251504   -0.471074   -0.733862    0.399957
(NM) 1000: f = 342105 at 1.36536e-05    0.512313    0.443628    0.225678   0.0153389 -0.00136012 -0.00623201   -0.121297   0.0830613    0.712828     1.18266     -0.5761    -1.08771   0.0443856     -0.2515   -0.470887   -0.734062     0.39962
(NM) 1020: f = 342105 at  1.3418e-05    0.512311    0.443618    0.225834   0.0152709 -0.00147616 -0.00641248    -0.12127   0.0830544     0.71258     1.18265   -0.575895    -1.08763   0.0443543   -0.251501   -0.470986    -0.73555    0.398419
(NM) 1040: f = 342105 at 1.32039e-05    0.512306    0.443583    0.225891   0.0151188 -0.00152068 -0.00660781   -0.121268   0.0830501    0.712107     1.18226    -0.57551    -1.08728   0.0443562   -0.251457   -0.471348   -0.737051    0.396188
(NM) 1060: f = 342105 at 1.34241e-05    0.512283    0.443572    0.226385   0.0147594 -0.00170397 -0.00679556   -0.121244   0.0830707    0.711819     1.18155   -0.575379    -1.08688   0.0443936   -0.251418   -0.471433   -0.738224    0.394123
(NM) 1080: f = 342105 at  1.2828e-05    0.512306    0.443615    0.226451   0.0145349 -0.00203178 -0.00699023   -0.121203   0.0831119    0.712229     1.18117   -0.575628    -1.08634   0.0443733   -0.251437   -0.470791   -0.738609    0.392008
(NM) 1100: f = 342105 at 1.20244e-05    0.512454    0.443672     0.22644   0.0144354 -0.00173539 -0.00686938   -0.121232   0.0831071    0.711761     1.18172   -0.575315    -1.08639   0.0442798     -0.2515   -0.471503   -0.737377    0.394164
(NM) 1120: f = 342105 at 1.20093e-05     0.51232    0.443604    0.226545   0.0142708 -0.00221868 -0.00697397   -0.121138   0.0832471    0.712233      1.1811   -0.575748    -1.08603   0.0444221   -0.251482   -0.471301   -0.738207    0.394424
(NM) 1140: f = 342105 at 1.14496e-05    0.512435    0.443645    0.226476   0.0142459 -0.00238038 -0.00714384   -0.121105   0.0833056    0.712174     1.18135   -0.575681    -1.08594   0.0443243   -0.251557    -0.47125   -0.738864    0.393991
(NM) 1160: f = 342105 at 1.26449e-05    0.512436     0.44371    0.226568   0.0142877 -0.00245436 -0.00732142   -0.121065   0.0833358    0.711885     1.18128   -0.575469    -1.08622   0.0443091   -0.251557   -0.471271    -0.73893    0.391914
(NM) 1180: f = 342105 at 1.26449e-05    0.512436     0.44371    0.226568   0.0142877 -0.00245436 -0.00732142   -0.121065   0.0833358    0.711885     1.18128   -0.575469    -1.08622   0.0443091   -0.251557   -0.471271    -0.73893    0.391914
(NM) 1200: f = 342105 at 1.26402e-05    0.512418    0.443723    0.226317   0.0142432 -0.00243699 -0.00731315   -0.121039   0.0834344    0.711856     1.18134   -0.575582     -1.0862   0.0443517   -0.251586     -0.4714   -0.739311    0.393283
(NM) 1220: f = 342105 at 1.23197e-05    0.512446    0.443793     0.22636   0.0142864 -0.00226949 -0.00720586    -0.12107   0.0833213    0.712076     1.18156   -0.575494    -1.08627   0.0443203   -0.251616   -0.471332   -0.737886    0.391954
(NM) 1240: f = 342105 at  1.2871e-05    0.512405    0.443747    0.226329     0.01436 -0.00229611 -0.00723465   -0.121047   0.0833871    0.711959     1.18157   -0.575484    -1.08649   0.0443626   -0.251606   -0.471627   -0.738388    0.393638
(NM) 1260: f = 342105 at 1.29364e-05    0.512332    0.443793    0.226641   0.0142579 -0.00233865 -0.00734391   -0.121043   0.0833713    0.711662     1.18127   -0.575273    -1.08635   0.0443592   -0.251635   -0.472225   -0.737218    0.392488
(NM) 1280: f = 342105 at 1.23266e-05    0.512332    0.443826    0.226436   0.0142113 -0.00236772 -0.00731855   -0.121044    0.083394    0.711816     1.18125   -0.575394    -1.08608   0.0443751   -0.251664   -0.472163   -0.736957    0.392042
(NM) 1300: f = 342105 at 1.17181e-05    0.512292    0.443831    0.226505   0.0142449 -0.00256573 -0.00743801    -0.12105   0.0833692    0.711974     1.18113   -0.575446    -1.08582   0.0443523   -0.251702   -0.472033   -0.737391    0.390188
(NM) 1320: f = 342105 at 1.17181e-05    0.512292    0.443831    0.226505   0.0142449 -0.00256573 -0.00743801    -0.12105   0.0833692    0.711974     1.18113   -0.575446    -1.08582   0.0443523   -0.251702   -0.472033   -0.737391    0.390188
(NM) 1340: f = 342105 at 1.17905e-05    0.512276    0.443838    0.226439   0.0141749 -0.00249715 -0.00744061   -0.121037   0.0834134    0.711853     1.18115   -0.575489    -1.08582   0.0443684   -0.251706   -0.472142   -0.737534    0.391471
(NM) 1360: f = 342105 at 1.15492e-05     0.51227    0.443835    0.226469    0.014262 -0.00255838 -0.00755268   -0.121061   0.0833638    0.711807     1.18113   -0.575387    -1.08574   0.0443173   -0.251721    -0.47204   -0.738255    0.389608
(NM) 1380: f = 342105 at  1.1456e-05    0.512308    0.443835    0.226402   0.0142512 -0.00258869 -0.00751484   -0.121066   0.0833966    0.711836     1.18113    -0.57545    -1.08568   0.0443211   -0.251731   -0.471999   -0.738199     0.38972
(NM) 1400: f = 342105 at 1.15422e-05    0.512286    0.443818    0.226418   0.0144988 -0.00248843 -0.00747106   -0.121125   0.0833043    0.711858     1.18129   -0.575482    -1.08587   0.0442894    -0.25174   -0.471907   -0.738323    0.389436
(NM) 1420: f = 342105 at 1.15227e-05    0.512288    0.443835    0.226477   0.0144961 -0.00243297 -0.00744733   -0.121166   0.0832922    0.711751      1.1812   -0.575439     -1.0858   0.0442736   -0.251763   -0.472068   -0.737798    0.388994
(NM) 1440: f = 342105 at 1.14416e-05    0.512285    0.443855    0.226527   0.0145241 -0.00234921 -0.00743531   -0.121207   0.0832479     0.71166     1.18116   -0.575379    -1.08575   0.0442581   -0.251781   -0.472165   -0.737518    0.388152
(NM) 1460: f = 342105 at 1.14103e-05    0.512282    0.443862    0.226527   0.0145139 -0.00243513 -0.00746759   -0.121196   0.0832996    0.711719     1.18113   -0.575489     -1.0857   0.0442621   -0.251813    -0.47226   -0.737258    0.388796
(NM) 1480: f = 342105 at 1.19204e-05     0.51233    0.443836    0.226595   0.0146851 -0.00220903 -0.00724183   -0.121289   0.0832276      0.7116     1.18119   -0.575465    -1.08596    0.044247   -0.251794   -0.472337   -0.736288    0.389357
(NM) 1500: f = 342105 at  1.1687e-05    0.512299    0.443856    0.226568   0.0145844 -0.00219061 -0.00725222   -0.121301   0.0832268    0.711709     1.18106    -0.57557    -1.08577   0.0442564   -0.251801   -0.472148   -0.736406    0.389061
(NM) 1520: f = 342105 at 1.18361e-05    0.512282    0.443809    0.226726   0.0146553 -0.00221188  -0.0072649   -0.121351   0.0831874     0.71159     1.18087   -0.575498    -1.08575    0.044246   -0.251786   -0.472197   -0.736982    0.388132
(NM) 1540: f = 342105 at 1.18361e-05    0.512282    0.443809    0.226726   0.0146553 -0.00221188  -0.0072649   -0.121351   0.0831874     0.71159     1.18087   -0.575498    -1.08575    0.044246   -0.251786   -0.472197   -0.736982    0.388132
(NM) 1560: f = 342105 at 1.19351e-05     0.51226    0.443833    0.226761   0.0145702 -0.00211148  -0.0073374   -0.121384    0.083165     0.71143     1.18066   -0.575402     -1.0856   0.0442538   -0.251787   -0.472189   -0.737672    0.386734
(NM) 1580: f = 342105 at 1.19214e-05     0.51225    0.443814    0.226755   0.0145894 -0.00208556 -0.00726359   -0.121396   0.0831432    0.711502     1.18063   -0.575427     -1.0856   0.0442777   -0.251766   -0.472189     -0.7375    0.386923
(NM) 1600: f = 342105 at 1.21205e-05    0.512264    0.443818    0.226737   0.0145621 -0.00210761 -0.00733648   -0.121368   0.0831878    0.711391     1.18072   -0.575323    -1.08571   0.0442619   -0.251775   -0.472282    -0.73788    0.387191
(NM) 1620: f = 342105 at 1.19666e-05    0.512282     0.44382    0.226679   0.0146052  -0.0020712 -0.00724474   -0.121373   0.0831535    0.711581     1.18081   -0.575453    -1.08573    0.044269   -0.251763   -0.472035   -0.737582    0.387382
(NM) 1640: f = 342105 at 1.19024e-05    0.512257    0.443811    0.226724   0.0145625 -0.00211648 -0.00730251   -0.121364   0.0831617     0.71152     1.18075     -0.5754    -1.08567   0.0442677   -0.251763   -0.472085   -0.738027    0.387165
(NM) 1660: f = 342105 at 1.17761e-05    0.512265    0.443822    0.226641     0.01459  -0.0020553 -0.00724463   -0.121385   0.0831518    0.711578     1.18078   -0.575446    -1.08564   0.0442782   -0.251774   -0.472096   -0.737779    0.387203
(NM) 1680: f = 342105 at 1.17324e-05    0.512269    0.443816    0.226608   0.0145809 -0.00205982 -0.00727321   -0.121368   0.0831544     0.71155     1.18086   -0.575353    -1.08569   0.0442747   -0.251768   -0.472105   -0.738212    0.387038
(NM) 1700: f = 342105 at 1.16589e-05    0.512279    0.443804    0.226558   0.0145988 -0.00203375 -0.00718416   -0.121378   0.0831659      0.7116     1.18093   -0.575395    -1.08573     0.04429   -0.251773   -0.472178   -0.738024    0.387805
(NM) 1720: f = 342105 at 1.16589e-05    0.512279    0.443804    0.226558   0.0145988 -0.00203375 -0.00718416   -0.121378   0.0831659      0.7116     1.18093   -0.575395    -1.08573     0.04429   -0.251773   -0.472178   -0.738024    0.387805
(NM) 1740: f = 342105 at 1.14247e-05    0.512262    0.443813    0.226558    0.014579 -0.00201372 -0.00722726   -0.121392   0.0831508    0.711519      1.1809   -0.575271    -1.08564   0.0442951   -0.251793   -0.472322   -0.738587    0.386748
(NM) 1760: f = 342105 at  1.1195e-05    0.512275    0.443782    0.226514   0.0145877 -0.00198657  -0.0071637   -0.121399   0.0831422     0.71155     1.18104   -0.575191     -1.0857   0.0443024   -0.251789   -0.472349   -0.739269    0.386945
(NM) 1780: f = 342105 at 1.11545e-05    0.512278    0.443783    0.226581   0.0145865 -0.00198714 -0.00711997   -0.121411   0.0831275    0.711578     1.18101   -0.575242    -1.08568   0.0442994   -0.251793   -0.472318    -0.73897    0.386951
(NM) 1800: f = 342105 at  1.1131e-05    0.512256    0.443795    0.226543   0.0145823 -0.00195451 -0.00716744   -0.121421   0.0831286    0.711503     1.18098   -0.575114    -1.08566   0.0443131   -0.251813   -0.472502   -0.739478    0.386112
(NM) 1820: f = 342105 at 1.13017e-05    0.512268    0.443783      0.2265   0.0146102 -0.00193079 -0.00713543   -0.121411   0.0831304    0.711583     1.18107    -0.57524    -1.08576   0.0443007   -0.251789   -0.472256   -0.739332    0.387241
(NM) 1840: f = 342105 at 1.14287e-05    0.512253    0.443788    0.226545   0.0146095 -0.00193519 -0.00711658    -0.12141   0.0831427     0.71155     1.18105   -0.575235     -1.0858   0.0443124   -0.251801   -0.472404   -0.739013    0.387426
(NM) 1860: f = 342105 at 1.13796e-05    0.512265    0.443794    0.226514   0.0146886 -0.00190426 -0.00708023   -0.121432   0.0831177     0.71159     1.18111   -0.575301    -1.08582   0.0443003   -0.251813    -0.47231   -0.738917    0.387282
(NM) 1880: f = 342105 at 1.13985e-05     0.51224    0.443791    0.226517   0.0146487 -0.00185203 -0.00701294   -0.121434   0.0831251    0.711634     1.18114   -0.575327    -1.08587   0.0443222   -0.251819   -0.472357   -0.738923    0.388006
(NM) 1900: f = 342105 at 1.12801e-05    0.512261    0.443785    0.226523    0.014687 -0.00189026 -0.00701271   -0.121442   0.0831208    0.711641     1.18119   -0.575365    -1.08587   0.0443074   -0.251834   -0.472243   -0.739459    0.387703
(NM) 1920: f = 342105 at 1.14017e-05    0.512253    0.443792    0.226458   0.0146999 -0.00183399 -0.00696371    -0.12143   0.0831235     0.71175     1.18132   -0.575436      -1.086   0.0443187   -0.251834   -0.472136   -0.739389    0.388448
(NM) 1940: f = 342105 at 1.14286e-05    0.512248    0.443797    0.226505   0.0146573 -0.00189936 -0.00705509   -0.121416   0.0831363    0.711664     1.18121   -0.575376    -1.08591   0.0443094   -0.251829    -0.47218    -0.73951    0.387915
(NM) 1960: f = 342105 at 1.13873e-05    0.512239    0.443812     0.22652   0.0146257 -0.00186373 -0.00695506    -0.12142   0.0831297    0.711825     1.18125   -0.575522    -1.08594   0.0443321   -0.251849   -0.472004   -0.739576     0.38819
(NM) 1980: f = 342105 at 1.15356e-05    0.512228    0.443823    0.226566    0.014635 -0.00189485 -0.00699301   -0.121407   0.0831446    0.711779     1.18127   -0.575515    -1.08601   0.0443237   -0.251865   -0.472086   -0.739475    0.388343
(NM) 2000: f = 342105 at 1.15017e-05    0.512235    0.443823    0.226538   0.0145542 -0.00194408 -0.00703832   -0.121373   0.0831768    0.711831      1.1813    -0.57551    -1.08601    0.044337   -0.251867   -0.471948   -0.740488    0.388192
(NM) 2020: f = 342105 at 1.15017e-05    0.512235    0.443823    0.226538   0.0145542 -0.00194408 -0.00703832   -0.121373   0.0831768    0.711831      1.1813    -0.57551    -1.08601    0.044337   -0.251867   -0.471948   -0.740488    0.388192
(NM) 2040: f = 342105 at 1.18036e-05    0.512226    0.443826    0.226626   0.0146072 -0.00196796 -0.00705686    -0.12138   0.0831733    0.711758     1.18125   -0.575528    -1.08608   0.0443252   -0.251873   -0.471988   -0.740215     0.38812
(NM) 2060: f = 342105 at 1.18036e-05    0.512226    0.443826    0.226626   0.0146072 -0.00196796 -0.00705686    -0.12138   0.0831733    0.711758     1.18125   -0.575528    -1.08608   0.0443252   -0.251873   -0.471988   -0.740215     0.38812
(NM) 2080: f = 342105 at  1.1755e-05    0.512243    0.443822    0.226636   0.0145783  -0.0020219 -0.00708406   -0.121366   0.0831927     0.71174     1.18125   -0.575479    -1.08607   0.0443305   -0.251881   -0.472014   -0.740785    0.387719
(NM) 2100: f = 342105 at 1.18769e-05    0.512244    0.443816    0.226595   0.0146094  -0.0020044 -0.00706305   -0.121366   0.0831902    0.711806     1.18127   -0.575542    -1.08612   0.0443333   -0.251867     -0.4719   -0.740677    0.388084
(NM) 2120: f = 342105 at 1.18764e-05    0.512251    0.443821    0.226617   0.0146003 -0.00200589 -0.00702907    -0.12137   0.0831874    0.711792      1.1812   -0.575514    -1.08608   0.0443485   -0.251864   -0.472043   -0.740122    0.387891
(NM) 2140: f = 342105 at  1.1905e-05    0.512249    0.443824    0.226595   0.0146065 -0.00199854 -0.00701914   -0.121365   0.0831903    0.711846     1.18127    -0.57558    -1.08613   0.0443469   -0.251872     -0.4719   -0.740473    0.388112
(NM) 2160: f = 342105 at 1.19251e-05     0.51225    0.443829    0.226592   0.0145926 -0.00198944 -0.00699761    -0.12136   0.0831934    0.711849     1.18128   -0.575559    -1.08614   0.0443575   -0.251872   -0.471961   -0.740306    0.388155
(NM) 2180: f = 342105 at 1.19436e-05    0.512253    0.443825     0.22662   0.0146268 -0.00198448 -0.00696294   -0.121376   0.0831719     0.71188     1.18124   -0.575599    -1.08613   0.0443585   -0.251868   -0.471919   -0.740082    0.387957
(NM) 2200: f = 342105 at  1.2145e-05    0.512257    0.443834    0.226636   0.0146382 -0.00201045 -0.00698048   -0.121366   0.0831822    0.711853     1.18121   -0.575588    -1.08617   0.0443628   -0.251869   -0.471964   -0.739895    0.387799
(NM) 2220: f = 342105 at 1.20459e-05    0.512254    0.443832    0.226622   0.0146328 -0.00199749 -0.00696281   -0.121368   0.0831809    0.711882     1.18127   -0.575596    -1.08619   0.0443669   -0.251882   -0.471909   -0.740453    0.387769
(NM) 2240: f = 342105 at 1.20165e-05    0.512273    0.443836      0.2266   0.0146828 -0.00198128  -0.0069208   -0.121381   0.0831611    0.711899     1.18129    -0.57561    -1.08619   0.0443665   -0.251882    -0.47191   -0.740128    0.387539
(NM) 2260: f = 342105 at 1.20165e-05    0.512273    0.443836      0.2266   0.0146828 -0.00198128  -0.0069208   -0.121381   0.0831611    0.711899     1.18129    -0.57561    -1.08619   0.0443665   -0.251882    -0.47191   -0.740128    0.387539
(NM) 2280: f = 342105 at 1.20564e-05    0.512268    0.443839    0.226576   0.0147193 -0.00194535 -0.00688881   -0.121391   0.0831495    0.711905     1.18136   -0.575604    -1.08627   0.0443732   -0.251896   -0.471898   -0.740478    0.387397
(NM) 2300: f = 342105 at 1.19397e-05    0.512271    0.443832    0.226554   0.0147237 -0.00195433 -0.00693883   -0.121396   0.0831441    0.711861     1.18133   -0.575562    -1.08619   0.0443581   -0.251885    -0.47191   -0.740483    0.387185
(NM) 2320: f = 342105 at 1.21121e-05    0.512269    0.443833    0.226598   0.0147104 -0.00197315 -0.00695038   -0.121387   0.0831555    0.711809     1.18129   -0.575524    -1.08623   0.0443657   -0.251884   -0.471994   -0.740481    0.387119
(NM) 2340: f = 342105 at 1.20658e-05    0.512276    0.443833    0.226558   0.0146809 -0.00197658 -0.00695855   -0.121372   0.0831669    0.711821     1.18133   -0.575508    -1.08623   0.0443691    -0.25188   -0.471964   -0.740699    0.387259
(NM) 2360: f = 342105 at 1.20235e-05    0.512275     0.44384    0.226551   0.0147265  -0.0019618 -0.00694349   -0.121385   0.0831503    0.711798     1.18135   -0.575498    -1.08623   0.0443639   -0.251889   -0.472027   -0.740417    0.387047
(NM) 2380: f = 342105 at 1.20146e-05    0.512268    0.443833    0.226539   0.0146687 -0.00195986 -0.00696758   -0.121371   0.0831677    0.711786     1.18134   -0.575477    -1.08621    0.044367   -0.251876   -0.472023   -0.740581    0.387426
(NM) 2400: f = 342105 at 1.20661e-05    0.512273    0.443841    0.226541   0.0146813 -0.00196174    -0.00694   -0.121366   0.0831689    0.711795     1.18137   -0.575489    -1.08626   0.0443723   -0.251883   -0.472052   -0.740402    0.387505
(NM) 2420: f = 342105 at 1.21224e-05    0.512262    0.443838    0.226541    0.014681 -0.00192769 -0.00691053    -0.12137   0.0831641    0.711802      1.1814   -0.575513     -1.0863   0.0443763   -0.251882   -0.472011   -0.740511    0.387833
(NM) 2440: f = 342105 at 1.21273e-05    0.512271    0.443848    0.226561   0.0147098 -0.00196946 -0.00694173   -0.121367   0.0831596    0.711741     1.18138   -0.575472    -1.08628   0.0443674   -0.251889    -0.47209   -0.740322    0.387315
(NM) 2460: f = 342105 at 1.20831e-05    0.512262    0.443843    0.226562   0.0146731  -0.0019589 -0.00692779   -0.121363   0.0831676    0.711792     1.18138    -0.57552    -1.08627   0.0443705   -0.251885   -0.472032   -0.740305    0.387801
(NM) 2480: f = 342105 at 1.21961e-05    0.512267    0.443851    0.226582    0.014713 -0.00197043 -0.00690795   -0.121364   0.0831583    0.711753     1.18137   -0.575533     -1.0863    0.044369   -0.251887   -0.472075   -0.739903    0.387732
(NM) 2500: f = 342105 at 1.22404e-05    0.512262    0.443846    0.226607   0.0146929 -0.00198602 -0.00690626   -0.121352   0.0831594     0.71176      1.1814   -0.575541    -1.08634   0.0443728   -0.251886   -0.471999   -0.740349    0.387832
(NM) 2520: f = 342105 at 1.22418e-05    0.512266    0.443849    0.226544   0.0147067 -0.00195053 -0.00687095   -0.121354   0.0831571    0.711771     1.18146   -0.575546    -1.08638   0.0443826   -0.251891   -0.471974   -0.740604    0.387932
(NM) 2540: f = 342105 at 1.22974e-05    0.512264     0.44384    0.226605   0.0146833 -0.00200518 -0.00688024   -0.121342   0.0831637    0.711761     1.18141   -0.575588    -1.08636    0.044381   -0.251883   -0.471915   -0.740675    0.388118
(NM) 2560: f = 342105 at 1.21882e-05    0.512261    0.443824    0.226604   0.0146423 -0.00205134 -0.00694389   -0.121336   0.0831814    0.711709     1.18134   -0.575551    -1.08628   0.0443778   -0.251877   -0.471931   -0.741236    0.388027
(NM) 2580: f = 342105 at 1.22312e-05    0.512261    0.443827    0.226604    0.014713 -0.00205336 -0.00688166   -0.121345    0.083161    0.711665     1.18138   -0.575593    -1.08632   0.0443778   -0.251886    -0.47197   -0.740931     0.38822
(NM) 2600: f = 342105 at 1.22878e-05    0.512268    0.443819    0.226647   0.0147417  -0.0021113 -0.00690853   -0.121352   0.0831515    0.711515     1.18124   -0.575523    -1.08624   0.0443805   -0.251879   -0.472124   -0.740912    0.387514
(NM) 2620: f = 342105 at 1.21741e-05    0.512252    0.443812    0.226626   0.0147279 -0.00209386 -0.00686922   -0.121354   0.0831511    0.711572     1.18132   -0.575612    -1.08626   0.0443817   -0.251889   -0.471985   -0.741398    0.388157
(NM) 2640: f = 342105 at 1.22799e-05    0.512261    0.443806    0.226621    0.014747 -0.00205569 -0.00683491    -0.12137   0.0831494    0.711597     1.18128   -0.575592    -1.08629   0.0443954   -0.251883   -0.472044   -0.741209    0.388008
(NM) 2660: f = 342105 at 1.21861e-05    0.512254    0.443808     0.22664   0.0147589 -0.00204743 -0.00679961   -0.121379   0.0831353    0.711625     1.18131   -0.575643    -1.08628   0.0443922   -0.251893   -0.471998   -0.741197    0.388122
(NM) 2680: f = 342105 at 1.21218e-05    0.512257    0.443802    0.226613   0.0147352 -0.00206632 -0.00685016   -0.121374   0.0831441    0.711542     1.18124   -0.575563    -1.08619   0.0443906   -0.251878   -0.472114   -0.741091    0.387933
(NM) 2700: f = 342105 at 1.22592e-05    0.512257    0.443811    0.226644   0.0147238 -0.00206598 -0.00679569   -0.121361   0.0831514    0.711591     1.18131   -0.575628     -1.0863   0.0444031   -0.251892    -0.47204   -0.741235    0.388281
(NM) 2720: f = 342105 at 1.21966e-05    0.512255    0.443811    0.226627   0.0147135 -0.00205054 -0.00678947   -0.121366   0.0831482    0.711576     1.18127   -0.575616    -1.08624   0.0444047   -0.251884   -0.472099   -0.740872    0.388366
(NM) 2740: f = 342105 at 1.20842e-05    0.512252    0.443808    0.226646   0.0146631 -0.00206965 -0.00680498    -0.12136   0.0831543    0.711565     1.18122   -0.575596    -1.08617   0.0444075   -0.251879    -0.47212   -0.740947    0.388314
(NM) 2760: f = 342105 at  1.2163e-05    0.512259    0.443812     0.22665   0.0147297 -0.00206675 -0.00678083   -0.121374   0.0831337    0.711533     1.18122   -0.575591     -1.0862   0.0444081   -0.251885   -0.472158   -0.740825    0.387894
(NM) 2780: f = 342105 at 1.19849e-05     0.51226    0.443813    0.226609   0.0146765  -0.0020447   -0.006786   -0.121371   0.0831407    0.711537     1.18122   -0.575558    -1.08613   0.0444117    -0.25188   -0.472187    -0.74084     0.38798
(NM) 2800: f = 342105 at 1.19849e-05     0.51226    0.443813    0.226609   0.0146765  -0.0020447   -0.006786   -0.121371   0.0831407    0.711537     1.18122   -0.575558    -1.08613   0.0444117    -0.25188   -0.472187    -0.74084     0.38798
(NM) 2820: f = 342105 at  1.1974e-05    0.512258    0.443808    0.226628   0.0146685  -0.0020591 -0.00679684   -0.121374   0.0831339    0.711532     1.18116   -0.575559    -1.08609   0.0444131   -0.251875   -0.472156   -0.740995    0.387749
(NM) 2840: f = 342105 at  1.2017e-05    0.512262    0.443809    0.226639    0.014685 -0.00205305 -0.00676573   -0.121382   0.0831309    0.711547     1.18115   -0.575564    -1.08611   0.0444223    -0.25188   -0.472193   -0.740901    0.387605
(NM) 2860: f = 342105 at 1.19305e-05    0.512263    0.443808    0.226639   0.0146913 -0.00206789 -0.00677081    -0.12139   0.0831199    0.711506     1.18111   -0.575556    -1.08605   0.0444211   -0.251884   -0.472196    -0.74114    0.387273
(NM) 2880: f = 342105 at 1.19305e-05    0.512263    0.443808    0.226639   0.0146913 -0.00206789 -0.00677081    -0.12139   0.0831199    0.711506     1.18111   -0.575556    -1.08605   0.0444211   -0.251884   -0.472196    -0.74114    0.387273
(NM) 2900: f = 342105 at 1.18966e-05    0.512269    0.443815    0.226632   0.0146726 -0.00205426 -0.00675274    -0.12139   0.0831239    0.711552     1.18112    -0.57557    -1.08604   0.0444266   -0.251888   -0.472193   -0.740969    0.387274
(NM) 2920: f = 342105 at 1.19356e-05    0.512267    0.443813    0.226647   0.0146852 -0.00207006 -0.00678178    -0.12139   0.0831195    0.711528     1.18111   -0.575547    -1.08605   0.0444218   -0.251889   -0.472176   -0.741258    0.386979
(NM) 2940: f = 342105 at 1.19344e-05    0.512271    0.443815    0.226638   0.0146833 -0.00207855 -0.00678686    -0.12139   0.0831287    0.711528      1.1811   -0.575564    -1.08604   0.0444208   -0.251893   -0.472187   -0.741193     0.38706
(NM) 2960: f = 342105 at 1.18469e-05    0.512272    0.443827    0.226635    0.014645 -0.00209623 -0.00681397   -0.121384   0.0831331    0.711509     1.18106   -0.575546    -1.08596    0.044421   -0.251898   -0.472212    -0.74121    0.386777
(NM) 2980: f = 342105 at 1.19936e-05    0.512273    0.443833    0.226657   0.0146515 -0.00211986 -0.00684709   -0.121369   0.0831445    0.711523     1.18108    -0.57556    -1.08602   0.0444122     -0.2519   -0.472166   -0.741161    0.386852
(NM) 3000: f = 342105 at 1.19175e-05    0.512264    0.443827     0.22666   0.0146052 -0.00212221 -0.00686022   -0.121365   0.0831466    0.711446     1.18102   -0.575492    -1.08596   0.0444193   -0.251889   -0.472273   -0.741201    0.386853
(NM) 3020: f = 342105 at 1.19965e-05    0.512272    0.443835    0.226664   0.0146194 -0.00213605  -0.0068506   -0.121363    0.083148     0.71148     1.18103   -0.575534    -1.08599    0.044422   -0.251899   -0.472206   -0.741322    0.386703
(NM) 3040: f = 342105 at 1.19162e-05    0.512264    0.443826    0.226647    0.014592 -0.00211253  -0.0068346   -0.121363   0.0831482    0.711466     1.18103   -0.575515    -1.08596   0.0444277   -0.251889   -0.472241   -0.741322    0.387017
(NM) 3060: f = 342105 at  1.2004e-05    0.512262    0.443831    0.226671   0.0146162 -0.00212044 -0.00686154   -0.121367   0.0831465    0.711499     1.18102   -0.575543    -1.08598   0.0444169   -0.251892   -0.472193   -0.741145    0.386864
(NM) 3080: f = 342105 at 1.20949e-05    0.512264    0.443836    0.226681   0.0146107  -0.0021354 -0.00686605   -0.121359   0.0831533    0.711481     1.18102   -0.575537    -1.08601   0.0444216   -0.251898     -0.4722   -0.741314    0.386795
(NM) 3100: f = 342105 at 1.20467e-05     0.51226    0.443828    0.226667   0.0146217 -0.00209979  -0.0068326   -0.121369   0.0831418    0.711506     1.18104   -0.575544    -1.08602   0.0444244    -0.25189   -0.472188   -0.741227    0.386996
(NM) 3120: f = 342105 at 1.20888e-05    0.512261    0.443836    0.226684   0.0146084 -0.00211965 -0.00683024   -0.121367   0.0831422     0.71149       1.181   -0.575562      -1.086    0.044431   -0.251899   -0.472168   -0.741448    0.386755
(NM) 3140: f = 342105 at 1.20867e-05     0.51225    0.443831     0.22668   0.0145908 -0.00210259 -0.00682773   -0.121367   0.0831434    0.711479       1.181   -0.575551      -1.086   0.0444344   -0.251895   -0.472182   -0.741534    0.386965
(NM) 3160: f = 342105 at 1.20867e-05     0.51225    0.443831     0.22668   0.0145908 -0.00210259 -0.00682773   -0.121367   0.0831434    0.711479       1.181   -0.575551      -1.086   0.0444344   -0.251895   -0.472182   -0.741534    0.386965
(NM) 3180: f = 342105 at 1.20796e-05    0.512258    0.443833     0.22667   0.0146101 -0.00210421 -0.00682688   -0.121369    0.083145    0.711496     1.18103   -0.575554    -1.08602   0.0444315   -0.251901   -0.472184   -0.741494    0.386889
(NM) 3200: f = 342105 at 1.20391e-05    0.512244    0.443832    0.226671   0.0145907 -0.00206836 -0.00679996    -0.12138   0.0831348    0.711493       1.181   -0.575558    -1.08599     0.04444   -0.251903    -0.47219   -0.741616    0.386958
(NM) 3220: f = 342105 at 1.21014e-05     0.51225    0.443835    0.226668   0.0146297 -0.00206686 -0.00679199   -0.121386    0.083133    0.711508     1.18102    -0.57557    -1.08603   0.0444374    -0.25191   -0.472196   -0.741512    0.386867
(NM) 3240: f = 342105 at 1.21011e-05    0.512248    0.443834    0.226664   0.0146066 -0.00207648 -0.00681783   -0.121376    0.083143    0.711499     1.18102   -0.575558    -1.08602   0.0444344   -0.251903   -0.472199   -0.741482    0.387026
(NM) 3260: f = 342105 at 1.21281e-05    0.512255    0.443841    0.226656   0.0146156 -0.00207086 -0.00680333   -0.121378   0.0831408    0.711538     1.18104   -0.575578    -1.08604   0.0444378    -0.25191   -0.472159   -0.741546     0.38688
(NM) 3280: f = 342105 at 1.20697e-05    0.512248    0.443834    0.226659   0.0146106 -0.00205696 -0.00681063   -0.121384    0.083137    0.711532     1.18102   -0.575562    -1.08601   0.0444324   -0.251901   -0.472189   -0.741321    0.387018
(NM) 3300: f = 342105 at  1.2168e-05    0.512253    0.443838    0.226642   0.0146168 -0.00206179 -0.00680078   -0.121373   0.0831463     0.71154     1.18107   -0.575569    -1.08608   0.0444378   -0.251905   -0.472179   -0.741429    0.387176
(NM) 3320: f = 342105 at  1.2103e-05     0.51225    0.443838    0.226638   0.0146137  -0.0020487 -0.00680757    -0.12138   0.0831419    0.711547     1.18106   -0.575562    -1.08605    0.044434   -0.251908   -0.472174   -0.741499    0.387078
(NM) 3340: f = 342105 at 1.20359e-05    0.512255    0.443835    0.226626   0.0145916 -0.00205134 -0.00680328   -0.121379   0.0831431    0.711543     1.18104   -0.575542    -1.08601   0.0444394   -0.251902   -0.472203   -0.741468    0.387059
(NM) 3360: f = 342105 at 1.21353e-05    0.512255    0.443839    0.226596   0.0146021 -0.00202037 -0.00678266   -0.121381   0.0831451    0.711646     1.18111   -0.575599     -1.0861   0.0444401   -0.251912   -0.472072   -0.741774    0.387368
(NM) 3380: f = 342105 at 1.18712e-05     0.51226    0.443827    0.226537   0.0145699 -0.00199717  -0.0067916   -0.121387   0.0831415    0.711633     1.18114   -0.575529    -1.08602    0.044437   -0.251905   -0.472103   -0.742117    0.387384
(NM) 3400: f = 342105 at 1.18686e-05    0.512264    0.443829    0.226574   0.0145858 -0.00201932 -0.00682933   -0.121403    0.083135    0.711635     1.18103   -0.575513    -1.08595   0.0444249   -0.251905   -0.472167   -0.741691    0.386965
(NM) 3420: f = 342105 at  1.1854e-05    0.512263    0.443822     0.22655   0.0145307 -0.00203895  -0.0068525   -0.121382   0.0831464    0.711583     1.18103   -0.575429    -1.08593   0.0444326   -0.251893   -0.472237   -0.741994     0.38713
(NM) 3440: f = 342105 at  1.1782e-05    0.512273     0.44381    0.226545   0.0145349 -0.00205419 -0.00687902   -0.121393   0.0831303    0.711654     1.18102   -0.575426     -1.0859   0.0444143    -0.25189   -0.472119   -0.742421    0.387074
(NM) 3460: f = 342105 at 1.17867e-05    0.512261    0.443796    0.226608   0.0145972 -0.00206908 -0.00687607   -0.121425   0.0830833    0.711463     1.18091   -0.575294    -1.08586   0.0444135   -0.251897   -0.472331   -0.742852     0.38623
(NM) 3480: f = 342105 at 1.17511e-05    0.512295    0.443797    0.226534   0.0144296 -0.00217545 -0.00697116   -0.121363   0.0831353    0.711548     1.18086   -0.575225    -1.08575   0.0444087   -0.251869   -0.472295   -0.742957     0.38698
(NM) 3500: f = 342105 at 1.18868e-05     0.51228    0.443814    0.226584   0.0144167 -0.00218709 -0.00700024   -0.121368   0.0831357    0.711485     1.18079    -0.57523    -1.08574   0.0444079   -0.251893   -0.472321    -0.74324    0.386651
(NM) 3520: f = 342105 at  1.1859e-05    0.512279    0.443799    0.226651   0.0144586 -0.00218503 -0.00698747   -0.121411   0.0830841    0.711523     1.18071   -0.575184    -1.08571   0.0443862     -0.2519   -0.472341   -0.743402    0.386394
(NM) 3540: f = 342105 at 1.19651e-05    0.512251    0.443814    0.226683   0.0142949 -0.00219074 -0.00708227   -0.121409   0.0830745    0.711508     1.18057   -0.575048    -1.08561   0.0443658    -0.25192   -0.472394   -0.744378    0.386891
(NM) 3560: f = 342105 at 1.22726e-05    0.512259    0.443836    0.226685   0.0144033  -0.0021786 -0.00691441   -0.121419   0.0830604     0.71151     1.18069   -0.575206    -1.08581   0.0443927   -0.251967   -0.472362   -0.744462    0.387269
(NM) 3580: f = 342105 at 1.24496e-05    0.512241    0.443845    0.226819   0.0143716 -0.00216557 -0.00688748   -0.121465   0.0830016    0.711597     1.18054   -0.575194    -1.08578   0.0443613   -0.252001   -0.472377   -0.744544    0.387741
(NM) 3600: f = 342105 at 1.23262e-05    0.512253    0.443871    0.226707   0.0142965 -0.00208819 -0.00679242   -0.121456    0.083035    0.711741     1.18066   -0.575263     -1.0858   0.0443785   -0.252017   -0.472434    -0.74373    0.389007
(NM) 3620: f = 342105 at 1.21687e-05    0.512254    0.443881    0.226868    0.014297 -0.00218168 -0.00681934     -0.1215   0.0829901    0.711642     1.18036   -0.575215    -1.08555   0.0443494   -0.252044    -0.47267   -0.743076     0.38812
(NM) 3640: f = 342105 at 1.18459e-05    0.512309    0.443857    0.226808   0.0142505 -0.00226158 -0.00682542   -0.121457   0.0830017    0.711822     1.18045   -0.575277    -1.08548   0.0443278   -0.251988   -0.472393   -0.742499    0.388827
(NM) 3660: f = 342105 at 1.19098e-05    0.512301    0.443858    0.226798   0.0141261  -0.0023211 -0.00689317   -0.121433   0.0830319    0.711862     1.18045   -0.575248    -1.08547   0.0442959   -0.252008   -0.472402   -0.743073    0.390518
(NM) 3680: f = 342105 at  1.1958e-05    0.512303    0.443855    0.226985   0.0142577 -0.00241256 -0.00686115   -0.121479   0.0829638    0.711724      1.1803   -0.575247     -1.0854   0.0442511   -0.252028   -0.472616   -0.741961    0.390254
(NM) 3700: f = 342105 at 1.19704e-05    0.512308    0.443848    0.226885   0.0142625 -0.00250712 -0.00697578   -0.121419   0.0830181     0.71159      1.1805   -0.575216     -1.0855   0.0442388   -0.252032   -0.472521   -0.743311    0.390572
(NM) 3720: f = 342105 at 1.18693e-05    0.512293    0.443851    0.226941   0.0141662 -0.00251645 -0.00695658   -0.121436   0.0830092    0.711538      1.1803   -0.575146    -1.08533   0.0442329   -0.252035   -0.472821   -0.742412    0.391342
(NM) 3740: f = 342105 at 1.18297e-05    0.512272    0.443831    0.226861   0.0141936 -0.00238575 -0.00688317   -0.121445    0.083006     0.71158     1.18043   -0.575177    -1.08543   0.0442571   -0.252007   -0.472743   -0.742404    0.391835
(NM) 3760: f = 342105 at 1.18538e-05    0.512287    0.443835    0.226871   0.0141871 -0.00253636 -0.00696225   -0.121411   0.0830342    0.711445     1.18048   -0.575134    -1.08544   0.0442288   -0.252041    -0.47282   -0.743206    0.392223
(NM) 3780: f = 342105 at 1.17147e-05    0.512273    0.443825     0.22695   0.0142144 -0.00252146 -0.00693415   -0.121466   0.0829876    0.711417     1.18035   -0.575103    -1.08533    0.044195   -0.252056   -0.473008   -0.742541    0.392652
(NM) 3800: f = 342105 at  1.1795e-05    0.512252    0.443828    0.226895   0.0141476 -0.00243252 -0.00694602   -0.121454    0.083009    0.711463     1.18037   -0.575067    -1.08537    0.044223   -0.252039   -0.472982   -0.742762    0.392667
(NM) 3820: f = 342105 at 1.18109e-05    0.512269    0.443823    0.226866   0.0142108 -0.00246169 -0.00695681   -0.121454   0.0830059    0.711453     1.18045    -0.57506    -1.08543   0.0442127   -0.252047   -0.472945   -0.743131    0.392482
(NM) 3840: f = 342105 at 1.17674e-05    0.512284    0.443832    0.226873   0.0142456 -0.00244861 -0.00691469   -0.121465   0.0829925    0.711541     1.18047   -0.575144    -1.08543    0.044216   -0.252053   -0.472815   -0.742947    0.392044
(NM) 3860: f = 342105 at 1.16666e-05    0.512279    0.443827    0.226871   0.0142052 -0.00246212 -0.00695473   -0.121458   0.0830029    0.711497      1.1804   -0.575108    -1.08535   0.0442212   -0.252039   -0.472848   -0.743012    0.391767
(NM) 3880: f = 342105 at 1.17077e-05    0.512284    0.443824    0.226844   0.0142353 -0.00244693  -0.0069265   -0.121461   0.0830007    0.711531     1.18047   -0.575137    -1.08541   0.0442219   -0.252043   -0.472795   -0.743154     0.39199
(NM) 3900: f = 342105 at 1.16845e-05    0.512282    0.443822    0.226846   0.0142411 -0.00243066 -0.00689337   -0.121472   0.0829887    0.711517     1.18044   -0.575134    -1.08538   0.0442287    -0.25204   -0.472846   -0.742959    0.391998
(NM) 3920: f = 342105 at 1.16836e-05    0.512278    0.443821    0.226836   0.0142246 -0.00242237  -0.0068838    -0.12148   0.0829863    0.711508     1.18042   -0.575117    -1.08537   0.0442268   -0.252051   -0.472895   -0.743158    0.392313
(NM) 3940: f = 342105 at 1.15716e-05     0.51228    0.443817    0.226842   0.0142028 -0.00244199 -0.00689621   -0.121483   0.0829834    0.711483     1.18035   -0.575104    -1.08528    0.044228   -0.252044   -0.472921   -0.743118    0.392075
(NM) 3960: f = 342105 at 1.15716e-05     0.51228    0.443817    0.226842   0.0142028 -0.00244199 -0.00689621   -0.121483   0.0829834    0.711483     1.18035   -0.575104    -1.08528    0.044228   -0.252044   -0.472921   -0.743118    0.392075
(NM) 3980: f = 342105 at 1.16516e-05    0.512274    0.443815    0.226851   0.0142034 -0.00243802 -0.00689293   -0.121493   0.0829751    0.711492     1.18033   -0.575099    -1.08529   0.0442211   -0.252051   -0.472935   -0.743243    0.392393
(NM) 4000: f = 342105 at 1.15869e-05    0.512278    0.443814    0.226864   0.0142105 -0.00245168 -0.00691303   -0.121493   0.0829734    0.711516     1.18031   -0.575128    -1.08526   0.0442167   -0.252046   -0.472852    -0.74323    0.392038
(NM) 4020: f = 342105 at 1.15974e-05    0.512282    0.443815     0.22684   0.0142105 -0.00243818 -0.00688705   -0.121488    0.082979    0.711537     1.18035   -0.575143    -1.08529   0.0442231   -0.252043   -0.472846   -0.743118    0.392275
(NM) 4040: f = 342105 at 1.16262e-05    0.512282    0.443814    0.226845   0.0142178 -0.00244826 -0.00689736   -0.121492   0.0829754    0.711532     1.18035   -0.575136    -1.08529   0.0442169   -0.252051   -0.472846   -0.743306    0.392288
(NM) 4060: f = 342105 at 1.16618e-05    0.512278    0.443818    0.226855    0.014199 -0.00244375 -0.00689482   -0.121489   0.0829773    0.711522     1.18032   -0.575129    -1.08528   0.0442227   -0.252049   -0.472876   -0.743207    0.392296
(NM) 4080: f = 342105 at 1.16561e-05    0.512279    0.443814    0.226857   0.0142167 -0.00244747 -0.00689535   -0.121494   0.0829723    0.711523     1.18033   -0.575133    -1.08529   0.0442171   -0.252049   -0.472864   -0.743228    0.392326
(NM) 4100: f = 342105 at 1.17016e-05    0.512281    0.443816    0.226852   0.0142075 -0.00244613 -0.00690154   -0.121488    0.082978    0.711555     1.18032   -0.575149     -1.0853   0.0442202   -0.252044   -0.472821   -0.743162    0.392304
(NM) 4120: f = 342105 at 1.17016e-05    0.512281    0.443816    0.226852   0.0142075 -0.00244613 -0.00690154   -0.121488    0.082978    0.711555     1.18032   -0.575149     -1.0853   0.0442202   -0.252044   -0.472821   -0.743162    0.392304
(NM) 4140: f = 342105 at 1.16784e-05    0.512284    0.443816     0.22686   0.0142029 -0.00247329 -0.00691262   -0.121486   0.0829798    0.711526      1.1803   -0.575137    -1.08527   0.0442139   -0.252046   -0.472866   -0.743091    0.392396
(NM) 4160: f = 342105 at 1.17288e-05    0.512283    0.443816    0.226851   0.0142094 -0.00246053 -0.00690649   -0.121483   0.0829816    0.711535     1.18032   -0.575142     -1.0853   0.0442201   -0.252043   -0.472843   -0.743139    0.392339
(NM) 4180: f = 342105 at 1.17031e-05    0.512281    0.443816    0.226861    0.014199 -0.00246727 -0.00691818   -0.121485   0.0829818    0.711518     1.18028   -0.575127    -1.08526   0.0442178   -0.252042    -0.47288   -0.743055    0.392308
(NM) 4200: f = 342105 at 1.17304e-05    0.512285    0.443815    0.226845   0.0142211 -0.00246322 -0.00690684   -0.121482    0.082985    0.711512     1.18033    -0.57513    -1.08531   0.0442198   -0.252043   -0.472884   -0.743047    0.392364
(NM) 4220: f = 342105 at 1.17396e-05    0.512284    0.443815    0.226845   0.0142243 -0.00245683 -0.00689357   -0.121485   0.0829827    0.711507     1.18031   -0.575139     -1.0853   0.0442254   -0.252039   -0.472895   -0.742912    0.392321
(NM) 4240: f = 342105 at 1.17076e-05    0.512286    0.443814    0.226849   0.0142269 -0.00246262 -0.00690223   -0.121488   0.0829805    0.711511     1.18031   -0.575133    -1.08529   0.0442191   -0.252042   -0.472894   -0.742953    0.392309
(NM) 4260: f = 342105 at 1.17318e-05    0.512285    0.443814    0.226848   0.0142358 -0.00245638 -0.00690522   -0.121488   0.0829804    0.711514     1.18032   -0.575135     -1.0853   0.0442215    -0.25204   -0.472873   -0.743014    0.392162
(NM) 4280: f = 342105 at 1.16842e-05    0.512285    0.443814    0.226849   0.0142206 -0.00246148  -0.0069151   -0.121486   0.0829851     0.71151     1.18031    -0.57513    -1.08528   0.0442193   -0.252039   -0.472889   -0.742931    0.392205
(NM) 4300: f = 342105 at 1.17244e-05    0.512286    0.443814    0.226844   0.0142377 -0.00245432 -0.00690711   -0.121486   0.0829846    0.711518     1.18032   -0.575144     -1.0853   0.0442224   -0.252038   -0.472864   -0.742944     0.39215
(NM) 4320: f = 342105 at 1.17241e-05    0.512285    0.443814    0.226851   0.0142337 -0.00246273 -0.00691402   -0.121486   0.0829859    0.711513     1.18031   -0.575146    -1.08529   0.0442198   -0.252039   -0.472869   -0.742935    0.392183
(NM) 4340: f = 342105 at 1.17448e-05    0.512284    0.443815    0.226855   0.0142222 -0.00246956 -0.00692857   -0.121482   0.0829914    0.711516     1.18029   -0.575153    -1.08528   0.0442196   -0.252038   -0.472851   -0.742951    0.392158
(NM) 4360: f = 342105 at  1.1725e-05    0.512284    0.443816    0.226859   0.0142169 -0.00246845 -0.00692455   -0.121482   0.0829893    0.711525      1.1803   -0.575156    -1.08528   0.0442178    -0.25204   -0.472842   -0.742968    0.392221
(NM) 4380: f = 342105 at  1.1734e-05    0.512283    0.443816     0.22686   0.0142169 -0.00246958 -0.00692441   -0.121482   0.0829895    0.711524      1.1803   -0.575157    -1.08528   0.0442175    -0.25204   -0.472843   -0.742965    0.392248
(NM) 4400: f = 342105 at 1.17634e-05    0.512282    0.443818    0.226861   0.0142135 -0.00246905 -0.00692564   -0.121481   0.0829912     0.71152     1.18029   -0.575158    -1.08529   0.0442195    -0.25204   -0.472845   -0.742974    0.392236
(NM) 4420: f = 342105 at 1.17703e-05    0.512281    0.443816    0.226862   0.0142272 -0.00246536 -0.00691326   -0.121485   0.0829881    0.711521     1.18031    -0.57517     -1.0853   0.0442174   -0.252043   -0.472842   -0.742963    0.392366
(NM) 4440: f = 342105 at 1.17648e-05     0.51228    0.443817    0.226858   0.0142247 -0.00245085 -0.00690615   -0.121486   0.0829844    0.711516     1.18031   -0.575156    -1.08531   0.0442226   -0.252042    -0.47285   -0.743009    0.392229
(NM) 4460: f = 342105 at 1.17755e-05    0.512278    0.443818    0.226872   0.0142235 -0.00245717  -0.0069053   -0.121489   0.0829839    0.711511     1.18029   -0.575171    -1.08529   0.0442198   -0.252044   -0.472856   -0.742904    0.392315
(NM) 4480: f = 342105 at 1.18414e-05    0.512275    0.443819    0.226875   0.0142409 -0.00244079 -0.00689657    -0.12149   0.0829847    0.711511      1.1803   -0.575196    -1.08533   0.0442247   -0.252042   -0.472822   -0.742885     0.39223
(NM) 4500: f = 342105 at 1.18281e-05    0.512277    0.443819    0.226873   0.0142417 -0.00245091 -0.00690147   -0.121488    0.082985    0.711494      1.1803   -0.575182    -1.08532   0.0442224   -0.252044   -0.472849   -0.742889    0.392241
(NM) 4520: f = 342105 at 1.18205e-05    0.512277    0.443821    0.226874   0.0142339 -0.00244962 -0.00690672   -0.121486   0.0829869    0.711506     1.18031   -0.575181    -1.08532   0.0442212   -0.252043   -0.472836   -0.742864     0.39224
(NM) 4540: f = 342105 at 1.18562e-05    0.512273    0.443826    0.226889   0.0142332 -0.00243927 -0.00690411   -0.121486   0.0829864    0.711483     1.18031   -0.575179    -1.08533   0.0442214   -0.252044   -0.472856   -0.742732    0.392222
(NM) 4560: f = 342105 at 1.18621e-05    0.512275    0.443826     0.22689   0.0142343 -0.00245478 -0.00693273    -0.12148   0.0829936    0.711471     1.18032   -0.575174    -1.08534   0.0442133   -0.252044   -0.472844   -0.742773    0.392226
(NM) 4580: f = 342105 at 1.18985e-05    0.512273    0.443831    0.226901   0.0142226 -0.00244778 -0.00694293   -0.121477   0.0829956    0.711483     1.18032   -0.575178    -1.08535   0.0442103   -0.252043    -0.47282   -0.742679    0.392241
(NM) 4600: f = 342105 at 1.18397e-05    0.512272    0.443827    0.226898   0.0142169  -0.0024438 -0.00694532   -0.121483   0.0829909    0.711469     1.18031   -0.575158    -1.08532   0.0442067   -0.252044   -0.472847   -0.742763    0.392265
(NM) 4620: f = 342105 at 1.18345e-05    0.512274    0.443826    0.226885   0.0142227 -0.00243709 -0.00695555   -0.121481   0.0829937    0.711465     1.18033   -0.575145    -1.08533   0.0442058   -0.252041   -0.472841     -0.7428    0.392196
(NM) 4640: f = 342105 at 1.17788e-05    0.512273    0.443824    0.226884   0.0142126 -0.00243537 -0.00694432   -0.121489   0.0829858    0.711456      1.1803   -0.575129     -1.0853   0.0442049   -0.252043   -0.472879   -0.742834    0.392282
(NM) 4660: f = 342105 at  1.1841e-05    0.512266    0.443825     0.22689   0.0142105 -0.00241822 -0.00695267   -0.121491    0.082987    0.711433     1.18031   -0.575132    -1.08532    0.044201   -0.252044   -0.472864   -0.742914    0.392407
(NM) 4680: f = 342105 at 1.18517e-05    0.512266    0.443827    0.226899   0.0142165 -0.00241222 -0.00694145   -0.121495   0.0829811    0.711435      1.1803   -0.575134    -1.08532    0.044201   -0.252045   -0.472876   -0.742763    0.392386
(NM) 4700: f = 342105 at 1.18275e-05    0.512269    0.443824    0.226889   0.0142117 -0.00242005 -0.00694502   -0.121493   0.0829836    0.711452      1.1803   -0.575129    -1.08531   0.0442018   -0.252043   -0.472873   -0.742811    0.392396
(NM) 4720: f = 342105 at 1.18456e-05    0.512266    0.443824    0.226884   0.0142036  -0.0024059 -0.00694299   -0.121496   0.0829805    0.711441      1.1803   -0.575118    -1.08531   0.0442031   -0.252043   -0.472873   -0.742942    0.392426
(NM) 4740: f = 342105 at 1.18743e-05    0.512267    0.443825    0.226885   0.0142029  -0.0024063 -0.00694619   -0.121496   0.0829788    0.711434     1.18029   -0.575106    -1.08531   0.0441999   -0.252042   -0.472892   -0.742872    0.392507
(NM) 4760: f = 342105 at 1.19049e-05    0.512264    0.443825    0.226885   0.0142062 -0.00239159 -0.00695033   -0.121498   0.0829797    0.711433      1.1803   -0.575116    -1.08533   0.0441983    -0.25204   -0.472864   -0.742857    0.392529
(NM) 4780: f = 342105 at 1.19165e-05    0.512268    0.443824    0.226874   0.0142085 -0.00239168 -0.00694108   -0.121495   0.0829786    0.711447     1.18031   -0.575116    -1.08534   0.0442018   -0.252036   -0.472856   -0.742836    0.392546
(NM) 4800: f = 342105 at 1.18811e-05    0.512271    0.443825    0.226869   0.0141997 -0.00239261 -0.00695196   -0.121496   0.0829785    0.711431     1.18028   -0.575097     -1.0853   0.0441985   -0.252033   -0.472882   -0.742738    0.392502
(NM) 4820: f = 342105 at 1.18811e-05    0.512271    0.443825    0.226869   0.0141997 -0.00239261 -0.00695196   -0.121496   0.0829785    0.711431     1.18028   -0.575097     -1.0853   0.0441985   -0.252033   -0.472882   -0.742738    0.392502
(NM) 4840: f = 342105 at 1.18847e-05    0.512271    0.443823     0.22686   0.0142085 -0.00237379  -0.0069436   -0.121499   0.0829778    0.711443      1.1803   -0.575122    -1.08531   0.0441984   -0.252028   -0.472835   -0.742665    0.392563
(NM) 4860: f = 342105 at  1.1823e-05    0.512274    0.443824     0.22686   0.0141961 -0.00237665  -0.0069489   -0.121497    0.082976    0.711439      1.1803   -0.575106    -1.08529   0.0441944   -0.252026   -0.472847   -0.742573    0.392551
(NM) 4880: f = 342105 at 1.18295e-05    0.512275    0.443824    0.226859   0.0142064 -0.00237712 -0.00694128   -0.121498    0.082976    0.711445      1.1803   -0.575121    -1.08529   0.0441976   -0.252025   -0.472838   -0.742544    0.392496
(NM) 4900: f = 342105 at 1.18322e-05    0.512275    0.443824    0.226854   0.0141992 -0.00236312 -0.00692545     -0.1215   0.0829722    0.711457      1.1803   -0.575138    -1.08529    0.044201   -0.252022   -0.472802   -0.742537    0.392552
(NM) 4920: f = 342105 at 1.18668e-05    0.512271    0.443824     0.22686   0.0142044 -0.00236534 -0.00692204   -0.121501   0.0829712     0.71145      1.1803   -0.575135    -1.08531   0.0442024   -0.252028   -0.472815   -0.742685    0.392575
(NM) 4940: f = 342105 at 1.18022e-05    0.512276    0.443822    0.226856   0.0142095 -0.00237985 -0.00692474   -0.121501   0.0829711    0.711443      1.1803   -0.575134    -1.08529    0.044198   -0.252028   -0.472826   -0.742632    0.392577
(NM) 4960: f = 342105 at 1.18691e-05    0.512275    0.443828    0.226861   0.0141996 -0.00238253 -0.00693317   -0.121493   0.0829788    0.711443      1.1803    -0.57514    -1.08531   0.0442039   -0.252029   -0.472805   -0.742701    0.392452
(NM) 4980: f = 342105 at 1.18795e-05    0.512277     0.44383     0.22686   0.0141958 -0.00237392  -0.0069231   -0.121498   0.0829704    0.711414     1.18028    -0.57512    -1.08529   0.0442048   -0.252029   -0.472837   -0.742687    0.392404
(NM) 5000: f = 342105 at 1.18603e-05    0.512281    0.443829    0.226856   0.0142078 -0.00238536 -0.00692387   -0.121498     0.08297    0.711397      1.1803   -0.575125    -1.08529   0.0441999   -0.252031   -0.472834   -0.742715    0.392442
(NM) 5020: f = 342105 at  1.1828e-05    0.512281    0.443831    0.226851   0.0141912 -0.00237162 -0.00693053   -0.121498   0.0829688    0.711398     1.18029   -0.575114    -1.08527   0.0441995   -0.252028   -0.472818   -0.742753    0.392368
(NM) 5040: f = 342105 at 1.18749e-05    0.512278    0.443832    0.226861   0.0142002 -0.00237614  -0.0069197   -0.121501   0.0829671    0.711386     1.18028   -0.575117    -1.08528    0.044205   -0.252034   -0.472842   -0.742834    0.392289
(NM) 5060: f = 342105 at 1.18782e-05    0.512278    0.443832    0.226862   0.0141939 -0.00237203 -0.00693538   -0.121503   0.0829661    0.711376     1.18027   -0.575103    -1.08528   0.0441966   -0.252032   -0.472844   -0.742803    0.392386
(NM) 5080: f = 342105 at 1.19104e-05    0.512279    0.443832    0.226868   0.0142034 -0.00237896 -0.00692575   -0.121504   0.0829648    0.711383     1.18026   -0.575121    -1.08528   0.0441999   -0.252033   -0.472834   -0.742776    0.392339
(NM) 5100: f = 342105 at 1.18851e-05    0.512279    0.443833    0.226869   0.0141917 -0.00237013 -0.00694089   -0.121509   0.0829606    0.711359     1.18025   -0.575092    -1.08526   0.0441937   -0.252034    -0.47285   -0.742861    0.392268
(NM) 5120: f = 342105 at  1.1885e-05     0.51228    0.443832    0.226877   0.0142083 -0.00237346 -0.00693582   -0.121511    0.082959    0.711369     1.18025   -0.575114    -1.08526   0.0441925   -0.252033   -0.472831    -0.74274    0.392228
(NM) 5140: f = 342105 at 1.19314e-05     0.51228    0.443834    0.226882   0.0142044 -0.00238089 -0.00694186   -0.121506   0.0829624    0.711375     1.18026   -0.575108    -1.08528   0.0441934   -0.252036   -0.472831   -0.742821    0.392236
(NM) 5160: f = 342105 at  1.1909e-05    0.512284    0.443833    0.226892   0.0142096 -0.00238159 -0.00694563   -0.121517   0.0829499    0.711364     1.18023   -0.575112    -1.08525   0.0441832   -0.252037   -0.472799   -0.742885    0.392156
(NM) 5180: f = 342105 at 1.19494e-05    0.512283    0.443837    0.226896   0.0141996 -0.00237538 -0.00695304   -0.121515   0.0829522    0.711369     1.18021    -0.57511    -1.08525   0.0441863   -0.252035   -0.472785   -0.742885    0.392035
(NM) 5200: f = 342105 at  1.1917e-05    0.512283    0.443834    0.226896   0.0142081 -0.00237566 -0.00694566   -0.121515    0.082952    0.711391     1.18024   -0.575129    -1.08526   0.0441848   -0.252034   -0.472761   -0.742829    0.392111
(NM) 5220: f = 342105 at 1.18987e-05    0.512283    0.443834    0.226889   0.0142056 -0.00236852 -0.00695685   -0.121513   0.0829553    0.711379     1.18025   -0.575108    -1.08526   0.0441845   -0.252033    -0.47278   -0.742854    0.392038
(NM) 5240: f = 342105 at 1.19266e-05    0.512283    0.443835    0.226886   0.0142074 -0.00236834 -0.00694362    -0.12151   0.0829574      0.7114     1.18026   -0.575129    -1.08528   0.0441921   -0.252033   -0.472751   -0.742892    0.392017
(NM) 5260: f = 342105 at 1.18979e-05    0.512284    0.443834    0.226887   0.0142071 -0.00236924 -0.00694727   -0.121512   0.0829551    0.711398     1.18025   -0.575117    -1.08527   0.0441881   -0.252032   -0.472766   -0.742832    0.392038
(NM) 5280: f = 342105 at 1.18674e-05    0.512286    0.443833    0.226876   0.0142049 -0.00236616 -0.00694703   -0.121512    0.082955    0.711385     1.18026   -0.575104    -1.08526   0.0441888   -0.252032   -0.472781   -0.742897    0.392006
(NM) 5300: f = 342105 at 1.18879e-05    0.512285    0.443832    0.226881   0.0142143 -0.00237268 -0.00694538   -0.121511   0.0829563    0.711389     1.18027   -0.575103    -1.08528   0.0441896   -0.252035   -0.472792   -0.742911    0.392008
(NM) 5320: f = 342105 at 1.18991e-05    0.512287    0.443834    0.226886   0.0142134 -0.00236524 -0.00694871   -0.121513   0.0829536    0.711392     1.18027   -0.575101    -1.08528   0.0441888   -0.252034    -0.47277   -0.742941    0.391873
(NM) 5340: f = 342105 at 1.18965e-05    0.512287    0.443833    0.226887   0.0142145 -0.00237152 -0.00694555   -0.121514   0.0829521    0.711387     1.18026   -0.575106    -1.08527   0.0441865   -0.252034   -0.472781   -0.742873    0.391992
(NM) 5360: f = 342105 at 1.19181e-05    0.512286    0.443834    0.226886   0.0142119 -0.00236887 -0.00694833   -0.121513   0.0829526    0.711381     1.18026   -0.575088    -1.08528   0.0441886   -0.252036   -0.472793   -0.743004    0.391916
(NM) 5380: f = 342105 at 1.19125e-05    0.512286    0.443834    0.226887   0.0142141 -0.00236643 -0.00694169   -0.121516   0.0829506    0.711375     1.18025   -0.575098    -1.08527   0.0441889   -0.252036   -0.472791   -0.742951    0.391934
(NM) 5400: f = 342105 at 1.19117e-05    0.512287    0.443834    0.226886   0.0142116 -0.00236367 -0.00694423   -0.121517   0.0829497    0.711376     1.18025   -0.575089    -1.08527   0.0441883   -0.252035   -0.472798   -0.742956     0.39192
(NM) 5420: f = 342105 at 1.18965e-05    0.512287    0.443834    0.226889   0.0142119 -0.00236036 -0.00694416    -0.12152   0.0829469    0.711364     1.18025   -0.575084    -1.08526   0.0441855   -0.252036   -0.472803   -0.742938    0.391908
(NM) 5440: f = 342105 at 1.19021e-05    0.512289    0.443833    0.226886   0.0142122 -0.00235644 -0.00693581   -0.121523   0.0829442    0.711363     1.18024   -0.575083    -1.08526    0.044188   -0.252036   -0.472807   -0.742968    0.391879
(NM) 5460: f = 342105 at 1.19021e-05    0.512289    0.443833    0.226886   0.0142122 -0.00235644 -0.00693581   -0.121523   0.0829442    0.711363     1.18024   -0.575083    -1.08526    0.044188   -0.252036   -0.472807   -0.742968    0.391879
(NM) 5480: f = 342105 at 1.19227e-05    0.512291    0.443836    0.226895   0.0142137 -0.00234845 -0.00693378   -0.121526   0.0829405    0.711352     1.18023    -0.57508    -1.08526   0.0441864   -0.252035   -0.472802   -0.742915    0.391799
(NM) 5500: f = 342105 at 1.19008e-05    0.512293    0.443834    0.226886   0.0142226 -0.00235201 -0.00692044   -0.121524   0.0829422    0.711359     1.18025   -0.575086    -1.08527   0.0441917   -0.252035   -0.472812   -0.742907    0.391785
(NM) 5520: f = 342105 at  1.1924e-05    0.512295    0.443836    0.226887   0.0142238 -0.00233775  -0.0069042   -0.121528   0.0829384    0.711329     1.18025    -0.57507    -1.08528   0.0441935   -0.252037   -0.472845   -0.742891    0.391805
(NM) 5540: f = 342105 at  1.1951e-05    0.512295    0.443837    0.226904   0.0142339 -0.00232515 -0.00689497   -0.121534    0.082935    0.711321     1.18025   -0.575077    -1.08529   0.0441914   -0.252037   -0.472848   -0.742737    0.391772
(NM) 5560: f = 342105 at 1.19561e-05    0.512298    0.443836    0.226903   0.0142451 -0.00233858 -0.00688568   -0.121529   0.0829399    0.711344     1.18027   -0.575099    -1.08531   0.0441964   -0.252038    -0.47283   -0.742755    0.391756
(NM) 5580: f = 342105 at 1.20079e-05    0.512293    0.443839    0.226915   0.0142332 -0.00231966 -0.00689514   -0.121531   0.0829403    0.711325     1.18026   -0.575091    -1.08532    0.044192   -0.252037    -0.47283   -0.742676     0.39182
(NM) 5600: f = 342105 at 1.20195e-05    0.512292    0.443834    0.226907   0.0142476 -0.00233211 -0.00688873   -0.121528   0.0829465    0.711357     1.18028   -0.575118    -1.08534   0.0441968   -0.252039   -0.472811   -0.742789    0.391928
(NM) 5620: f = 342105 at 1.19955e-05    0.512291    0.443834    0.226907   0.0142413 -0.00231784 -0.00688248   -0.121532   0.0829434    0.711347     1.18028   -0.575109    -1.08533   0.0441946   -0.252036   -0.472827   -0.742677    0.392012
(NM) 5640: f = 342105 at 1.20344e-05     0.51229    0.443834    0.226906   0.0142338 -0.00231537 -0.00689432    -0.12153   0.0829469    0.711357     1.18028   -0.575113    -1.08534   0.0441926   -0.252035   -0.472798   -0.742739    0.392086
(NM) 5660: f = 342105 at 1.20304e-05    0.512295    0.443833    0.226903   0.0142445 -0.00231674 -0.00687852    -0.12153   0.0829442    0.711355     1.18029   -0.575103    -1.08535   0.0441952   -0.252035   -0.472824   -0.742679    0.392058
(NM) 5680: f = 342105 at 1.20311e-05    0.512295    0.443835    0.226895   0.0142281 -0.00229251 -0.00687612    -0.12153   0.0829451    0.711355      1.1803   -0.575097    -1.08535   0.0441976    -0.25203   -0.472805   -0.742691     0.39206
(NM) 5700: f = 342105 at 1.20644e-05    0.512295    0.443835    0.226891    0.014221 -0.00229856 -0.00688291   -0.121528   0.0829465     0.71135     1.18029   -0.575095    -1.08535   0.0441962    -0.25203   -0.472799   -0.742754    0.392139
(NM) 5720: f = 342105 at 1.20603e-05    0.512301    0.443834    0.226881    0.014227 -0.00229401 -0.00686748   -0.121522   0.0829532    0.711364     1.18033   -0.575097    -1.08539   0.0442017   -0.252027     -0.4728   -0.742668    0.392175
(NM) 5740: f = 342105 at 1.21369e-05      0.5123    0.443834    0.226894   0.0142406  -0.0023027 -0.00686086   -0.121525   0.0829513    0.711374     1.18032   -0.575124     -1.0854   0.0442028   -0.252031   -0.472772   -0.742761    0.392196
(NM) 5760: f = 342105 at 1.21349e-05    0.512299    0.443836    0.226904   0.0142338 -0.00230476 -0.00687008   -0.121527   0.0829485    0.711365     1.18029   -0.575128    -1.08538   0.0441969   -0.252031   -0.472765   -0.742694    0.392217
(NM) 5780: f = 342105 at 1.21485e-05    0.512303    0.443837    0.226907   0.0142381 -0.00230774 -0.00685995   -0.121524    0.082951    0.711364     1.18031   -0.575138     -1.0854   0.0441979   -0.252032   -0.472761   -0.742633     0.39225
(NM) 5800: f = 342105 at 1.21713e-05    0.512304    0.443839    0.226904   0.0142154 -0.00230757 -0.00687239    -0.12152    0.082955    0.711359      1.1803    -0.57514    -1.08539   0.0441925   -0.252029   -0.472735   -0.742648    0.392456
(NM) 5820: f = 342105 at  1.2177e-05    0.512305    0.443839    0.226908   0.0142054 -0.00232071 -0.00688156   -0.121518   0.0829543     0.71135      1.1803   -0.575126    -1.08538   0.0441856   -0.252032    -0.47275   -0.742681     0.39263
(NM) 5840: f = 342105 at 1.21861e-05    0.512307    0.443839     0.22692     0.01422 -0.00232221  -0.0068759   -0.121523   0.0829498    0.711356      1.1803   -0.575137    -1.08539   0.0441838   -0.252034   -0.472734   -0.742684    0.392528
(NM) 5860: f = 342105 at 1.21866e-05    0.512307    0.443839     0.22692   0.0142187 -0.00232254 -0.00687577   -0.121523   0.0829496    0.711356      1.1803   -0.575136    -1.08539    0.044183   -0.252035   -0.472732   -0.742701    0.392554
(NM) 5880: f = 342105 at 1.21724e-05    0.512306    0.443837    0.226917   0.0142186  -0.0023139  -0.0068691   -0.121523    0.082952    0.711359     1.18032   -0.575135    -1.08541   0.0441845   -0.252035   -0.472736   -0.742728     0.39262
(NM) 5900: f = 342105 at 1.21724e-05    0.512306    0.443837    0.226917   0.0142186  -0.0023139  -0.0068691   -0.121523    0.082952    0.711359     1.18032   -0.575135    -1.08541   0.0441845   -0.252035   -0.472736   -0.742728     0.39262
(NM) 5920: f = 342105 at 1.21488e-05    0.512308    0.443836    0.226915   0.0142153 -0.00230739 -0.00686495   -0.121526   0.0829489    0.711357     1.18032   -0.575131     -1.0854   0.0441831   -0.252035   -0.472731   -0.742772    0.392627
(NM) 5940: f = 342105 at 1.21631e-05    0.512309    0.443838    0.226916   0.0142112 -0.00230479 -0.00686646   -0.121526   0.0829497    0.711354     1.18032   -0.575129     -1.0854   0.0441837   -0.252035   -0.472726   -0.742799    0.392588
(NM) 5960: f = 342105 at 1.21329e-05    0.512306    0.443837    0.226914   0.0142176 -0.00230824 -0.00686662   -0.121528   0.0829478    0.711351     1.18031   -0.575129    -1.08539   0.0441869   -0.252037   -0.472736   -0.742842     0.39244
(NM) 5980: f = 342105 at 1.21547e-05     0.51231    0.443837    0.226913   0.0142105 -0.00230649 -0.00687094   -0.121527   0.0829495    0.711347     1.18032   -0.575127    -1.08539   0.0441839   -0.252037   -0.472715   -0.742942    0.392496
(NM) 6000: f = 342105 at 1.21646e-05    0.512307    0.443839    0.226917   0.0142178 -0.00231231 -0.00687019   -0.121525   0.0829517    0.711347     1.18031   -0.575132     -1.0854   0.0441879   -0.252038   -0.472731   -0.742858    0.392407
(NM) 6020: f = 342105 at 1.21437e-05    0.512308    0.443838     0.22691   0.0142122 -0.00230706 -0.00687032   -0.121524   0.0829522     0.71135     1.18033   -0.575125     -1.0854   0.0441871   -0.252036   -0.472729   -0.742876    0.392462
(NM) 6040: f = 342105 at 1.21522e-05    0.512309    0.443838    0.226913   0.0142107 -0.00230899 -0.00687189   -0.121525   0.0829519    0.711347     1.18032   -0.575125     -1.0854   0.0441859   -0.252038   -0.472723   -0.742947    0.392449
(NM) 6060: f = 342105 at 1.21486e-05    0.512309    0.443839    0.226915   0.0142094 -0.00231003 -0.00687473   -0.121525   0.0829514    0.711339     1.18032   -0.575119    -1.08539   0.0441855   -0.252038    -0.47273    -0.74295    0.392397
(NM) 6080: f = 342105 at 1.21486e-05    0.512309    0.443839    0.226915   0.0142094 -0.00231003 -0.00687473   -0.121525   0.0829514    0.711339     1.18032   -0.575119    -1.08539   0.0441855   -0.252038    -0.47273    -0.74295    0.392397
(NM) 6100: f = 342105 at 1.21638e-05     0.51231     0.44384    0.226918   0.0142061 -0.00231309 -0.00687785   -0.121523   0.0829539    0.711337     1.18032    -0.57512     -1.0854   0.0441845   -0.252039   -0.472729   -0.742926    0.392432
(NM) 6120: f = 342105 at 1.21503e-05    0.512309    0.443839    0.226916   0.0142098 -0.00231114 -0.00687525   -0.121524   0.0829526    0.711342     1.18032   -0.575121     -1.0854   0.0441857   -0.252039   -0.472727   -0.742961    0.392401
(NM) 6140: f = 342105 at 1.21491e-05    0.512309    0.443839    0.226919   0.0142075 -0.00231062 -0.00687727   -0.121525    0.082952    0.711336     1.18032   -0.575117    -1.08539   0.0441847    -0.25204   -0.472735   -0.742957      0.3924
(NM) 6160: f = 342105 at 1.21514e-05    0.512309    0.443839    0.226917   0.0142106  -0.0023096 -0.00687358   -0.121525   0.0829517    0.711339     1.18032    -0.57512    -1.08539   0.0441863   -0.252039   -0.472737   -0.742923    0.392392
(NM) 6180: f = 342105 at 1.21536e-05    0.512309    0.443839    0.226922    0.014208 -0.00230928 -0.00687437   -0.121526   0.0829507    0.711339     1.18032   -0.575118    -1.08539   0.0441849    -0.25204   -0.472734   -0.742966    0.392395
(NM) 6200: f = 342105 at 1.21615e-05    0.512308     0.44384    0.226924   0.0142054 -0.00231117 -0.00687585   -0.121525   0.0829516    0.711341     1.18031   -0.575121    -1.08539   0.0441842   -0.252039   -0.472737   -0.742885    0.392454
(NM) 6220: f = 342105 at 1.21544e-05    0.512308     0.44384    0.226929   0.0142021  -0.0023093 -0.00687311   -0.121527   0.0829501    0.711341     1.18031   -0.575119    -1.08539   0.0441841   -0.252041   -0.472734   -0.742955    0.392421
(NM) 6240: f = 342105 at 1.21585e-05    0.512308    0.443841     0.22693   0.0141987 -0.00231518  -0.0068788   -0.121525    0.082951    0.711341      1.1803   -0.575115    -1.08539   0.0441832   -0.252041   -0.472738   -0.742941    0.392428
(NM) 6260: f = 342105 at 1.21651e-05    0.512309     0.44384    0.226932   0.0141959 -0.00231761 -0.00687058   -0.121525    0.082951     0.71135      1.1803   -0.575124    -1.08538   0.0441846   -0.252041   -0.472735   -0.742913    0.392494
(NM) 6280: f = 342105 at 1.21641e-05    0.512311    0.443842    0.226931   0.0141873 -0.00232016 -0.00687827   -0.121523   0.0829533    0.711336     1.18029   -0.575116    -1.08538   0.0441849   -0.252042   -0.472738   -0.742973    0.392418
(NM) 6300: f = 342105 at 1.21561e-05     0.51231     0.44384     0.22693   0.0141911 -0.00232517 -0.00687422   -0.121523   0.0829539     0.71135      1.1803    -0.57512    -1.08538   0.0441865   -0.252043    -0.47274      -0.743    0.392456
(NM) 6320: f = 342105 at 1.21535e-05     0.51231    0.443841    0.226929    0.014188 -0.00232214 -0.00686895   -0.121523   0.0829554    0.711354     1.18029   -0.575127    -1.08538   0.0441889   -0.252041   -0.472741   -0.742929    0.392475
(NM) 6340: f = 342105 at 1.21535e-05     0.51231    0.443841    0.226929    0.014188 -0.00232214 -0.00686895   -0.121523   0.0829554    0.711354     1.18029   -0.575127    -1.08538   0.0441889   -0.252041   -0.472741   -0.742929    0.392475
(NM) 6360: f = 342105 at 1.21155e-05     0.51231    0.443839    0.226918   0.0141813 -0.00232762 -0.00687777    -0.12152   0.0829581    0.711356      1.1803   -0.575115    -1.08536   0.0441892   -0.252041   -0.472748   -0.743004    0.392453
(NM) 6380: f = 342105 at 1.21047e-05     0.51231    0.443839     0.22692   0.0141773 -0.00232522 -0.00687572   -0.121522   0.0829577    0.711358     1.18029   -0.575117    -1.08536   0.0441892    -0.25204   -0.472749   -0.742974    0.392462
(NM) 6400: f = 342105 at 1.21047e-05     0.51231    0.443839     0.22692   0.0141773 -0.00232522 -0.00687572   -0.121522   0.0829577    0.711358     1.18029   -0.575117    -1.08536   0.0441892    -0.25204   -0.472749   -0.742974    0.392462
(NM) 6420: f = 342105 at 1.21001e-05     0.51231    0.443839    0.226926   0.0141749 -0.00232557 -0.00687643   -0.121525   0.0829537    0.711351     1.18028   -0.575109    -1.08535   0.0441869   -0.252042   -0.472759   -0.742997    0.392452
(NM) 6440: f = 342105 at 1.20965e-05     0.51231    0.443839    0.226924   0.0141765 -0.00232991 -0.00687682   -0.121524   0.0829544    0.711352     1.18028    -0.57511    -1.08535   0.0441865   -0.252042   -0.472764   -0.742967     0.39249
(NM) 6460: f = 342105 at 1.20965e-05     0.51231    0.443839    0.226924   0.0141765 -0.00232991 -0.00687682   -0.121524   0.0829544    0.711352     1.18028    -0.57511    -1.08535   0.0441865   -0.252042   -0.472764   -0.742967     0.39249
(NM) 6480: f = 342105 at 1.21031e-05     0.51231     0.44384    0.226925   0.0141728 -0.00233325 -0.00688351   -0.121521   0.0829573    0.711349     1.18028   -0.575108    -1.08534   0.0441866   -0.252041   -0.472766   -0.742953    0.392462
(NM) 6500: f = 342105 at 1.21031e-05     0.51231     0.44384    0.226925   0.0141728 -0.00233325 -0.00688351   -0.121521   0.0829573    0.711349     1.18028   -0.575108    -1.08534   0.0441866   -0.252041   -0.472766   -0.742953    0.392462
(NM) 6520: f = 342105 at 1.21031e-05     0.51231     0.44384    0.226925   0.0141728 -0.00233325 -0.00688351   -0.121521   0.0829573    0.711349     1.18028   -0.575108    -1.08534   0.0441866   -0.252041   -0.472766   -0.742953    0.392462
(NM) 6540: f = 342105 at 1.20939e-05     0.51231     0.44384    0.226926   0.0141725 -0.00233397 -0.00688256   -0.121522   0.0829561    0.711346     1.18027   -0.575106    -1.08534   0.0441861   -0.252042   -0.472773   -0.742928    0.392463
(NM) 6560: f = 342105 at 1.21047e-05     0.51231     0.44384    0.226924   0.0141752  -0.0023312 -0.00688177   -0.121522   0.0829563    0.711348     1.18028   -0.575109    -1.08535   0.0441864   -0.252041   -0.472765   -0.742956    0.392469
(NM) 6580: f = 342105 at 1.21034e-05     0.51231     0.44384    0.226924   0.0141743 -0.00233156 -0.00688215   -0.121522   0.0829568    0.711348     1.18028    -0.57511    -1.08535   0.0441863   -0.252041   -0.472765   -0.742945    0.392479
(NM) 6600: f = 342105 at 1.20991e-05     0.51231     0.44384    0.226924   0.0141746 -0.00233279 -0.00688273   -0.121522   0.0829566    0.711348     1.18028   -0.575108    -1.08534   0.0441859   -0.252041   -0.472768   -0.742939    0.392482
Generalized linear mixed model fit by maximum likelihood (Laplace
  Approximation) [glmerMod]
 Family: poisson  ( log )
Formula: gs ~ year + field + d_div + o_div + game_length + (1 | offense) +  
    (1 | defense) + (1 | game_id)
   Data: g
      AIC       BIC    logLik  deviance  df.resid 
 342140.5  342314.4 -171052.3  342104.5    115706 
Random effects:
 Groups  Name        Std.Dev. 
 game_id (Intercept) 0.0000121
 defense (Intercept) 0.5123105
 offense (Intercept) 0.4438396
Number of obs: 115724, groups:  game_id, 57862; defense, 3222; offense, 3222
Fixed Effects:
      (Intercept)           year2013           year2014           year2015  
         0.226924           0.014174          -0.002333          -0.006883  
fielddefense_home  fieldoffense_home             d_div2             d_div3  
        -0.121522           0.082957           0.711348           1.180276  
           o_div2             o_div3    game_length1 OT    game_length2 OT  
        -0.575109          -1.085342           0.044186          -0.252041  
  game_length3 OT    game_length4 OT    game_length5 OT  
        -0.472767          -0.742935           0.392491  
Generalized linear mixed model fit by maximum likelihood (Laplace
  Approximation) [glmerMod]
 Family: poisson  ( log )
Formula: gs ~ year + field + d_div + o_div + game_length + (1 | offense) +  
    (1 | defense) + (1 | game_id)
   Data: g

      AIC       BIC    logLik  deviance  df.resid 
 342140.5  342314.4 -171052.3  342104.5    115706 

Scaled residuals: 
    Min      1Q  Median      3Q     Max 
-2.1310 -0.7764 -0.1157  0.5378  5.6666 

Random effects:
 Groups  Name        Variance  Std.Dev. 
 game_id (Intercept) 1.464e-10 0.0000121
 defense (Intercept) 2.625e-01 0.5123105
 offense (Intercept) 1.970e-01 0.4438396
Number of obs: 115724, groups:  game_id, 57862; defense, 3222; offense, 3222

Fixed effects:
                   Estimate Std. Error z value Pr(>|z|)    
(Intercept)        0.226924   0.033960   6.682 2.36e-11 ***
year2013           0.014174   0.034797   0.407 0.683757    
year2014          -0.002333   0.034775  -0.067 0.946502    
year2015          -0.006883   0.034708  -0.198 0.842795    
fielddefense_home -0.121522   0.011245 -10.807  < 2e-16 ***
fieldoffense_home  0.082957   0.011091   7.480 7.44e-14 ***
d_div2             0.711348   0.075380   9.437  < 2e-16 ***
d_div3             1.180276   0.080820  14.604  < 2e-16 ***
o_div2            -0.575109   0.074089  -7.762 8.33e-15 ***
o_div3            -1.085342   0.079904 -13.583  < 2e-16 ***
game_length1 OT    0.044186   0.010495   4.210 2.55e-05 ***
game_length2 OT   -0.252041   0.008423 -29.922  < 2e-16 ***
game_length3 OT   -0.472767   0.052855  -8.945  < 2e-16 ***
game_length4 OT   -0.742935   0.219079  -3.391 0.000696 ***
game_length5 OT    0.392491   0.269941   1.454 0.145949    
---
Signif. codes:  0 *** 0.001 ** 0.01 * 0.05 . 0.1   1

Correlation of Fixed Effects:
            (Intr) yr2013 yr2014 yr2015 flddf_ fldff_ d_div2 d_div3 o_div2
year2013    -0.515                                                        
year2014    -0.512  0.504                                                 
year2015    -0.515  0.505  0.506                                          
filddfns_hm -0.286  0.000 -0.004 -0.003                                   
fildffns_hm -0.289  0.000 -0.004 -0.003  0.897                            
d_div2      -0.134 -0.001 -0.002 -0.002  0.001 -0.015                     
d_div3      -0.127  0.000  0.001  0.001  0.000 -0.014  0.825              
o_div2      -0.096 -0.001 -0.003 -0.002 -0.004  0.012 -0.892 -0.782       
o_div3      -0.090  0.000 -0.001 -0.001 -0.002  0.012 -0.776 -0.931  0.832
gm_lngth1OT -0.030  0.000 -0.001 -0.001  0.006  0.008  0.002  0.004  0.000
gm_lngth2OT -0.038 -0.002 -0.003 -0.002 -0.007 -0.001  0.006  0.008 -0.001
gm_lngth3OT -0.017  0.000  0.000 -0.001  0.041  0.040  0.001  0.000 -0.001
gm_lngth4OT -0.007  0.000 -0.001 -0.002  0.022  0.022  0.001  0.000 -0.001
gm_lngth5OT  0.000  0.000 -0.003  0.000  0.001  0.001  0.000  0.000 -0.001
            o_div3 gm_1OT gm_2OT gm_3OT gm_4OT
year2013                                      
year2014                                      
year2015                                      
filddfns_hm                                   
fildffns_hm                                   
d_div2                                        
d_div3                                        
o_div2                                        
o_div3                                        
gm_lngth1OT -0.002                            
gm_lngth2OT -0.002  0.103                     
gm_lngth3OT  0.000  0.017  0.022              
gm_lngth4OT  0.000  0.004  0.006  0.008       
gm_lngth5OT  0.000  0.001 -0.001 -0.001  0.006
[1] TRUE
