BEGIN
CREATE TABLE
INSERT 0 4040
 year |  str  |  ofs  |  dfs  |  sos  |  n  
------+-------+-------+-------+-------+-----
 2012 | 0.547 | 0.758 | 0.721 | 0.776 | 793
 2013 | 0.547 | 0.759 | 0.721 | 0.776 | 807
 2014 | 0.547 | 0.759 | 0.721 | 0.775 | 807
 2015 | 0.548 | 0.759 | 0.722 | 0.776 | 813
 2016 | 0.547 | 0.759 | 0.721 | 0.771 | 820
(5 rows)

 year | div |  str  |  ofs  |  dfs  |  sos  |  n  
------+-----+-------+-------+-------+-------+-----
 2012 |   1 | 0.998 | 1.000 | 0.997 | 1.003 | 203
 2012 |   2 | 0.589 | 0.795 | 0.741 | 0.799 | 188
 2012 |   3 | 0.390 | 0.645 | 0.604 | 0.672 | 402
 2013 |   1 | 1.001 | 1.001 | 1.000 | 1.004 | 204
 2013 |   2 | 0.591 | 0.795 | 0.743 | 0.798 | 199
 2013 |   3 | 0.388 | 0.645 | 0.602 | 0.671 | 404
 2014 |   1 | 0.998 | 0.998 | 1.000 | 1.002 | 202
 2014 |   2 | 0.591 | 0.797 | 0.741 | 0.802 | 203
 2014 |   3 | 0.389 | 0.645 | 0.604 | 0.670 | 402
 2015 |   1 | 1.003 | 0.999 | 1.004 | 1.004 | 205
 2015 |   2 | 0.586 | 0.796 | 0.736 | 0.798 | 203
 2015 |   3 | 0.390 | 0.645 | 0.604 | 0.670 | 405
 2016 |   1 | 0.999 | 1.001 | 0.998 | 1.000 | 206
 2016 |   2 | 0.592 | 0.794 | 0.745 | 0.797 | 205
 2016 |   3 | 0.389 | 0.645 | 0.602 | 0.666 | 409
(15 rows)

 school_id | div | year | str | ofs | dfs | sos 
-----------+-----+------+-----+-----+-----+-----
(0 rows)

COMMIT
